-0.001463695 28070
0.001682742 5923
0.004829179 593
0.007975616 348
0.01112205 224
0.01426849 204
0.01741493 118
0.02056136 110
0.0237078 92
0.02685423 87
0.03000067 88
0.03314711 53
0.03629354 61
0.03943998 55
0.04258642 62
0.04573285 64
0.04887929 65
0.05202572 51
0.05517216 42
0.0583186 56
0.06146503 49
0.06461147 49
0.06775791 45
0.07090435 51
0.07405079 46
0.07719723 41
0.08034367 35
0.08349011 41
0.08663655 38
0.08978299 28
0.09292943 43
0.09607587 24
0.09922231 37
0.1023687 33
0.1055152 30
0.1086616 34
0.1118081 30
0.1149545 43
0.1181009 22
0.1212474 25
0.1243938 27
0.1275403 28
0.1306867 31
0.1338331 25
0.1369796 31
0.140126 17
0.1432725 24
0.1464189 22
0.1495653 18
0.1527118 30
0.1558582 21
0.1590047 23
0.1621511 24
0.1652975 25
0.168444 11
0.1715904 19
0.1747369 23
0.1778833 18
0.1810297 12
0.1841762 22
0.1873226 24
0.1904691 15
0.1936155 16
0.1967619 18
0.1999084 18
0.2030548 25
0.2062013 30
0.2093477 23
0.2124941 20
0.2156406 16
0.218787 18
0.2219335 15
0.2250799 16
0.2282263 13
0.2313728 7
0.2345192 10
0.2376657 17
0.2408121 12
0.2439585 12
0.247105 20
0.2502514 12
0.2533979 19
0.2565443 12
0.2596907 12
0.2628372 8
0.2659836 18
0.2691301 11
0.2722765 16
0.2754229 10
0.2785694 11
0.2817158 10
0.2848623 17
0.2880087 12
0.2911551 12
0.2943016 9
0.297448 10
0.3005944 19
0.3037409 8
0.3068873 10
0.3100338 13
0.3131802 12
0.3163266 14
0.3194731 16
0.3226195 17
0.325766 6
0.3289124 14
0.3320588 11
0.3352053 11
0.3383517 14
0.3414982 8
0.3446446 8
0.347791 20
0.3509375 15
0.3540839 8
0.3572304 17
0.3603768 13
0.3635232 13
0.3666697 15
0.3698161 16
0.3729626 13
0.376109 18
0.3792554 16
0.3824019 12
0.3855483 19
0.3886948 8
0.3918412 16
0.3949876 15
0.3981341 19
0.4012805 13
0.404427 8
0.4075734 9
0.4107198 14
0.4138663 15
0.4170127 10
0.4201592 16
0.4233056 11
0.426452 17
0.4295985 13
0.4327449 19
0.4358914 16
0.4390378 18
0.4421842 13
0.4453307 17
0.4484771 11
0.4516236 13
0.45477 22
0.4579164 12
0.4610629 14
0.4642093 12
0.4673558 19
0.4705022 17
0.4736486 18
0.4767951 16
0.4799415 12
0.483088 8
0.4862344 11
0.4893808 12
0.4925273 16
0.4956737 11
0.4988202 13
0.5019666 15
0.505113 22
0.5082594 12
0.5114058 12
0.5145522 17
0.5176986 12
0.5208451 22
0.5239915 16
0.5271379 15
0.5302843 16
0.5334307 18
0.5365771 15
0.5397235 14
0.5428699 28
0.5460163 19
0.5491627 15
0.5523092 14
0.5554556 13
0.558602 17
0.5617484 12
0.5648948 25
0.5680412 13
0.5711876 23
0.574334 7
0.5774804 22
0.5806268 17
0.5837733 15
0.5869197 19
0.5900661 20
0.5932125 13
0.5963589 25
0.5995053 18
0.6026517 15
0.6057981 19
0.6089445 16
0.6120909 19
0.6152374 30
0.6183838 22
0.6215302 23
0.6246766 26
0.627823 26
0.6309694 23
0.6341158 23
0.6372622 26
0.6404086 23
0.643555 24
0.6467015 30
0.6498479 35
0.6529943 23
0.6561407 27
0.6592871 28
0.6624335 38
0.6655799 22
0.6687263 23
0.6718727 30
0.6750191 31
0.6781656 18
0.681312 36
0.6844584 29
0.6876048 25
0.6907512 27
0.6938976 26
0.697044 43
0.7001904 32
0.7033368 30
0.7064832 31
0.7096297 41
0.7127761 33
0.7159225 37
0.7190689 36
0.7222153 47
0.7253617 30
0.7285081 48
0.7316545 38
0.7348009 38
0.7379473 54
0.7410938 50
0.7442402 61
0.7473866 56
0.750533 70
0.7536794 97
0.7568258 113
0.7599722 138
0.7631186 170
0.766265 208
0.7694114 233
0.7725579 262
0.7757043 299
0.7788507 372
0.7819971 470
0.7851435 660
0.7882899 703
0.7914363 716
0.7945827 815
0.7977291 866
0.8008755 976
0.804022 1101
0.8071684 1108
0.8103148 1110
0.8134612 1093
0.8166076 1043
0.819754 979
0.8229004 992
0.8260468 1038
0.8291932 1058
0.8323396 1109
0.8354861 1059
0.8386325 1076
0.8417789 1001
0.8449253 1158
0.8480717 1070
0.8512181 1199
0.8543645 1169
0.8575109 1098
0.8606573 1228
0.8638037 1270
0.8669502 1271
0.8700966 1477
0.873243 1461
0.8763894 1744
0.8795358 1744
0.8826822 2030
0.8858286 2173
0.888975 2366
0.8921214 2514
0.8952678 2704
0.8984143 2897
0.9015607 3163
0.9047071 3248
0.9078535 3446
0.9109999 3779
0.9141463 3942
0.9172927 4368
0.9204391 4674
0.9235855 5062
0.9267319 5239
0.9298784 5626
0.9330248 6119
0.9361712 6871
0.9393176 7414
0.942464 7862
0.9456104 8647
0.9487568 9307
0.9519032 10002
0.9550496 10385
0.958196 11534
0.9613425 12270
0.9644889 12753
0.9676353 14067
0.9707817 14805
0.9739281 16756
0.9770745 17717
0.9802209 20184
0.9833673 22537
0.9865137 25915
0.9896601 30930
0.9928066 34714
0.995953 38344
0.9990994 41641
1.002246 43691
1.005392 45184
1.008539 47955
1.011685 48784
1.014831 50770
1.017978 51961
1.021124 46134
1.024271 41694
1.027417 38897
1.030563 37343
1.03371 33787
1.036856 30067
1.040003 24875
1.043149 14554
1.046296 3324
1.049442 242
1.052588 33
1.055735 15
1.058881 11
1.062028 6
1.065174 2
1.06832 4
1.071467 8
1.074613 1
1.07776 2
1.080906 1
1.084052 0
1.087199 0
1.090345 0
1.093492 1
1.096638 0
1.099784 0
1.102931 1
1.106077 0
1.109224 0
1.11237 0
1.115517 0
1.118663 1
1.121809 0
1.124956 0
1.128102 0
1.131249 0
1.134395 2
1.137541 1
1.140688 0
1.143834 0
1.146981 0
1.150127 0
1.153273 0
1.15642 1
1.159566 1
1.162713 1
1.165859 1
1.169006 1
1.172152 0
1.175298 1
1.178445 0
1.181591 0
1.184738 0
1.187884 0
1.19103 0
1.194177 1
1.197323 0
1.20047 0
1.203616 0
1.206762 0
1.209909 0
1.213055 0
1.216202 0
1.219348 1
1.222494 0
1.225641 0
1.228787 0
1.231934 0
1.23508 2
1.238227 1
1.241373 0
1.244519 0
1.247666 0
1.250812 0
1.253959 2
1.257105 1
1.260251 0
1.263398 1
1.266544 1
1.269691 0
1.272837 3
1.275983 2
1.27913 1
1.282276 0
1.285423 0
1.288569 0
1.291716 0
1.294862 0
1.298008 0
1.301155 1
1.304301 0
1.307448 0
1.310594 0
1.31374 0
1.316887 0
1.320033 0
1.32318 0
1.326326 0
1.329472 0
1.332619 0
1.335765 0
1.338912 0
1.342058 0
1.345204 0
1.348351 0
1.351497 1
1.354644 0
1.35779 0
1.360937 0
1.364083 0
1.367229 0
1.370376 0
1.373522 0
1.376669 0
1.379815 0
1.382961 0
1.386108 0
1.389254 0
1.392401 0
1.395547 0
1.398693 0
1.40184 0
1.404986 0
1.408133 0
1.411279 0
1.414425 0
1.417572 0
1.420718 0
1.423865 0
1.427011 0
1.430158 0
1.433304 0
1.43645 0
1.439597 0
1.442743 1
1.44589 0
1.449036 0
1.452182 0
1.455329 0
1.458475 0
1.461622 0
1.464768 0
1.467914 0
1.471061 0
1.474207 0
1.477354 0
1.4805 0
1.483647 0
1.486793 0
1.489939 0
1.493086 0
1.496232 0
1.499379 0
1.502525 0
1.505671 0
1.508818 0
1.511964 0
1.515111 0
1.518257 0
1.521403 0
1.52455 0
1.527696 0
1.530843 0
1.533989 0
1.537135 0
1.540282 0
1.543428 0
1.546575 0
1.549721 0
1.552868 0
1.556014 0
1.55916 0
1.562307 0
1.565453 0
1.5686 0
1.571746 0
1.574892 0
1.578039 0
1.581185 0
1.584332 0
1.587478 0
1.590624 0
1.593771 0
1.596917 0
1.600064 0
1.60321 0
1.606357 0
