#    STDDEV
      1766.
      1541.
      1344.
      1173.
      1023.
      892.6
      779.9
      681.6
       596.
      521.7
      456.9
      400.2
      351.3
      308.3
      270.9
      238.2
      209.6
      184.6
       163.
      143.6
      127.3
       113.
      100.6
      89.26
      79.88
      71.28
      63.91
       57.4
      51.56
      46.34
       41.6
      37.64
      34.14
      31.02
      28.17
      25.66
      23.57
      21.42
      19.53
      17.58
      15.97
      14.45
      13.21
      12.01
      10.91
       9.95
      9.225
      8.285
      7.583
       6.89
      6.461
      5.883
       5.52
      5.168
      4.733
      4.524
      4.134
      3.907
      4.002
      3.553
      3.307
       3.73
      3.076
      2.799
      2.683
       2.75
      2.722
      2.693
      2.574
      2.549
      2.202
      2.128
      2.443
      2.105
      1.995
      2.012
      1.911
      2.066
      1.974
      1.943
      1.875
      2.218
      1.803
      2.122
      2.124
      2.081
      1.794
      1.808
      1.813
      1.853
      1.981
      2.005
      1.943
      2.169
      1.839
      2.441
      1.751
      2.384
      1.768
      1.827
      1.734
      2.189
      1.747
      1.731
      1.892
      2.011
      1.909
      1.756
      1.698
      1.686
      2.179
      1.966
      1.913
      2.245
      2.234
      2.251
      2.327
      2.109
      2.283
      1.884
      2.039
      2.314
      1.872
      1766.
      1541.
      1344.
      1173.
      1023.
      892.6
      779.9
      681.6
       596.
      521.7
      456.9
      400.2
      351.3
      308.3
      270.9
      238.2
      209.6
      184.6
       163.
      143.6
      127.3
       113.
      100.6
      89.26
      79.88
      71.28
      63.91
       57.4
      51.56
      46.34
       41.6
      37.64
      34.14
      31.02
      28.17
      25.66
      23.57
      21.42
      19.53
      17.58
      15.97
      14.45
      13.21
      12.01
      10.91
       9.95
      9.225
      8.285
      7.583
       6.89
      6.461
      5.883
       5.52
      5.168
      4.733
      4.524
      4.134
      3.907
      4.002
      3.553
      3.307
       3.73
      3.076
      2.799
      2.683
       2.75
      2.722
      2.693
      2.574
      2.549
      2.202
      2.128
      2.443
      2.105
      1.995
      2.012
      1.911
      2.066
      1.974
      1.943
      1.875
      2.218
      1.803
      2.122
      2.124
      2.081
      1.794
      1.808
      1.813
      1.853
      1.981
      2.005
      1.943
      2.169
      1.839
      2.441
      1.751
      2.384
      1.768
      1.827
      1.734
      2.189
      1.747
      1.731
      1.892
      2.011
      1.909
      1.756
      1.698
      1.686
      2.179
      1.966
      1.913
      2.245
      2.234
      2.251
      2.327
      2.109
      2.283
      1.884
      2.039
      2.314
      1.872
