500
2,000	0,000
4,000	0,000
6,000	0,000
8,000	0,000
10,000	0,000
12,000	0,000
14,000	0,000
16,000	0,000
18,000	0,000
20,000	0,000
22,000	0,000
24,000	0,000
26,000	0,000
28,000	0,000
30,000	0,000
32,000	0,000
34,000	0,000
36,000	0,000
38,000	0,000
40,000	0,000
42,000	0,000
44,000	0,000
46,000	0,000
48,000	0,000
50,000	0,000
52,000	0,000
54,000	0,000
56,000	0,000
58,000	0,000
60,000	0,000
62,000	0,000
64,000	0,000
66,000	0,000
68,000	0,000
70,000	0,000
72,000	0,000
74,000	0,000
76,000	0,000
78,000	0,000
80,000	0,000
82,000	0,000
84,000	0,000
86,000	0,000
88,000	0,000
90,000	0,000
92,000	0,000
94,000	0,000
96,000	0,000
98,000	0,000
100,000	0,000
102,000	0,000
104,000	0,015
106,000	0,013
108,000	0,013
110,000	0,012
112,000	0,009
114,000	0,012
116,000	0,009
118,000	0,012
120,000	0,013
122,000	0,012
124,000	0,011
126,000	0,009
128,000	0,010
130,000	0,012
132,000	0,011
134,000	0,013
136,000	0,011
138,000	0,011
140,000	0,011
142,000	0,013
144,000	0,011
146,000	0,012
148,000	0,009
150,000	0,013
152,000	0,017
154,000	0,011
156,000	0,011
158,000	0,008
160,000	0,012
162,000	0,010
164,000	0,014
166,000	0,009
168,000	0,014
170,000	0,014
172,000	0,010
174,000	0,012
176,000	0,015
178,000	0,014
180,000	0,010
182,000	0,013
184,000	0,014
186,000	0,011
188,000	0,012
190,000	0,011
192,000	0,009
194,000	0,011
196,000	0,010
198,000	0,010
200,000	0,011
202,000	0,010
204,000	0,011
206,000	0,013
208,000	0,012
210,000	0,010
212,000	0,014
214,000	0,012
216,000	0,012
218,000	0,011
220,000	0,015
222,000	0,009
224,000	0,013
226,000	0,012
228,000	0,012
230,000	0,011
232,000	0,012
234,000	0,013
236,000	0,011
238,000	0,012
240,000	0,013
242,000	0,016
244,000	0,014
246,000	0,013
248,000	0,014
250,000	0,014
252,000	0,010
254,000	0,014
256,000	0,017
258,000	0,009
260,000	0,014
262,000	0,013
264,000	0,016
266,000	0,015
268,000	0,012
270,000	0,015
272,000	0,015
274,000	0,014
276,000	0,017
278,000	0,015
280,000	0,014
282,000	0,012
284,000	0,015
286,000	0,016
288,000	0,014
290,000	0,015
292,000	0,014
294,000	0,013
296,000	0,017
298,000	0,016
300,000	0,014
302,000	0,015
304,000	0,018
306,000	0,016
308,000	0,019
310,000	0,017
312,000	0,017
314,000	0,016
316,000	0,014
318,000	0,018
320,000	0,012
322,000	0,017
324,000	0,017
326,000	0,017
328,000	0,016
330,000	0,020
332,000	0,021
334,000	0,015
336,000	0,022
338,000	0,022
340,000	0,017
342,000	0,019
344,000	0,019
346,000	0,022
348,000	0,019
350,000	0,021
352,000	0,021
354,000	0,019
356,000	0,021
358,000	0,021
360,000	0,021
362,000	0,026
364,000	0,020
366,000	0,022
368,000	0,024
370,000	0,025
372,000	0,023
374,000	0,025
376,000	0,026
378,000	0,025
380,000	0,025
382,000	0,024
384,000	0,025
386,000	0,029
388,000	0,029
390,000	0,028
392,000	0,027
394,000	0,028
396,000	0,030
398,000	0,029
400,000	0,030
402,000	0,030
404,000	0,031
406,000	0,032
408,000	0,034
410,000	0,030
412,000	0,033
414,000	0,032
416,000	0,031
418,000	0,035
420,000	0,032
422,000	0,033
424,000	0,031
426,000	0,031
428,000	0,029
430,000	0,032
432,000	0,032
434,000	0,028
436,000	0,035
438,000	0,034
440,000	0,036
442,000	0,035
444,000	0,039
446,000	0,043
448,000	0,047
450,000	0,043
452,000	0,046
454,000	0,047
456,000	0,054
458,000	0,058
460,000	0,053
462,000	0,055
464,000	0,061
466,000	0,072
468,000	0,079
470,000	0,077
472,000	0,067
474,000	0,060
476,000	0,051
478,000	0,040
480,000	0,031
482,000	0,027
484,000	0,033
486,000	0,034
488,000	0,031
490,000	0,033
492,000	0,041
494,000	0,042
496,000	0,040
498,000	0,042
500,000	0,044
502,000	0,051
504,000	0,054
506,000	0,050
508,000	0,046
510,000	0,043
512,000	0,055
514,000	0,077
516,000	0,082
518,000	0,081
520,000	0,078
522,000	0,069
524,000	0,068
526,000	0,058
528,000	0,055
530,000	0,046
532,000	0,038
534,000	0,046
536,000	0,052
538,000	0,054
540,000	0,054
542,000	0,057
544,000	0,080
546,000	0,103
548,000	0,124
550,000	0,135
552,000	0,131
554,000	0,119
556,000	0,106
558,000	0,089
560,000	0,066
562,000	0,053
564,000	0,044
566,000	0,049
568,000	0,052
570,000	0,055
572,000	0,051
574,000	0,047
576,000	0,035
578,000	0,027
580,000	0,028
582,000	0,033
584,000	0,036
586,000	0,026
588,000	0,026
590,000	0,025
592,000	0,031
594,000	0,038
596,000	0,046
598,000	0,060
600,000	0,064
602,000	0,060
604,000	0,061
606,000	0,061
608,000	0,056
610,000	0,053
612,000	0,049
614,000	0,049
616,000	0,044
618,000	0,043
620,000	0,038
622,000	0,035
624,000	0,036
626,000	0,029
628,000	0,032
630,000	0,029
632,000	0,026
634,000	0,020
636,000	0,020
638,000	0,019
640,000	0,022
642,000	0,027
644,000	0,032
646,000	0,031
648,000	0,029
650,000	0,031
652,000	0,029
654,000	0,030
656,000	0,027
658,000	0,029
660,000	0,027
662,000	0,023
664,000	0,024
666,000	0,023
668,000	0,020
670,000	0,023
672,000	0,024
674,000	0,021
676,000	0,023
678,000	0,021
680,000	0,020
682,000	0,020
684,000	0,018
686,000	0,016
688,000	0,019
690,000	0,018
692,000	0,016
694,000	0,018
696,000	0,016
698,000	0,019
700,000	0,015
702,000	0,018
704,000	0,017
706,000	0,014
708,000	0,016
710,000	0,015
712,000	0,015
714,000	0,013
716,000	0,017
718,000	0,014
720,000	0,017
722,000	0,016
724,000	0,015
726,000	0,016
728,000	0,014
730,000	0,012
732,000	0,016
734,000	0,013
736,000	0,011
738,000	0,014
740,000	0,012
742,000	0,012
744,000	0,015
746,000	0,010
748,000	0,011
750,000	0,012
752,000	0,012
754,000	0,011
756,000	0,010
758,000	0,011
760,000	0,011
762,000	0,011
764,000	0,011
766,000	0,010
768,000	0,009
770,000	0,011
772,000	0,011
774,000	0,010
776,000	0,010
778,000	0,010
780,000	0,008
782,000	0,010
784,000	0,011
786,000	0,011
788,000	0,010
790,000	0,010
792,000	0,013
794,000	0,012
796,000	0,006
798,000	0,009
800,000	0,012
802,000	0,011
804,000	0,007
806,000	0,008
808,000	0,010
810,000	0,012
812,000	0,014
814,000	0,010
816,000	0,011
818,000	0,010
820,000	0,011
822,000	0,009
824,000	0,006
826,000	0,006
828,000	0,006
830,000	0,010
832,000	0,007
834,000	0,008
836,000	0,009
838,000	0,008
840,000	0,008
842,000	0,006
844,000	0,005
846,000	0,004
848,000	0,008
850,000	0,009
852,000	0,006
854,000	0,009
856,000	0,006
858,000	0,008
860,000	0,012
862,000	0,006
864,000	0,007
866,000	0,005
868,000	0,006
870,000	0,005
872,000	0,007
874,000	0,006
876,000	0,007
878,000	0,004
880,000	0,005
882,000	0,006
884,000	0,006
886,000	0,007
888,000	0,006
890,000	0,006
892,000	0,005
894,000	0,005
896,000	0,003
898,000	0,007
900,000	0,005
902,000	0,008
904,000	0,006
906,000	0,005
908,000	0,006
910,000	0,005
912,000	0,008
914,000	0,007
916,000	0,007
918,000	0,008
920,000	0,006
922,000	0,004
924,000	0,005
926,000	0,008
928,000	0,006
930,000	0,006
932,000	0,006
934,000	0,006
936,000	0,006
938,000	0,003
940,000	0,005
942,000	0,006
944,000	0,005
946,000	0,004
948,000	0,007
950,000	0,005
952,000	0,005
954,000	0,004
956,000	0,005
958,000	0,004
960,000	0,009
962,000	0,004
964,000	0,005
966,000	0,006
968,000	0,006
970,000	0,004
972,000	0,004
974,000	0,003
976,000	0,004
978,000	0,004
980,000	0,004
982,000	0,006
984,000	0,006
986,000	0,006
988,000	0,006
990,000	0,002
992,000	0,003
994,000	0,004
996,000	0,007
998,000	0,005
1000,000	0,004
