500
2,000	0,000
4,000	0,000
6,000	0,000
8,000	0,000
10,000	0,000
12,000	0,000
14,000	0,000
16,000	0,000
18,000	0,000
20,000	0,000
22,000	0,000
24,000	0,000
26,000	0,000
28,000	0,000
30,000	0,000
32,000	0,000
34,000	0,000
36,000	0,000
38,000	0,000
40,000	0,000
42,000	0,000
44,000	0,000
46,000	0,000
48,000	0,000
50,000	0,000
52,000	0,000
54,000	0,000
56,000	0,000
58,000	0,000
60,000	0,000
62,000	0,000
64,000	0,000
66,000	0,000
68,000	0,000
70,000	0,000
72,000	0,000
74,000	0,000
76,000	0,000
78,000	0,000
80,000	0,000
82,000	0,000
84,000	0,000
86,000	0,000
88,000	0,000
90,000	0,000
92,000	0,000
94,000	0,000
96,000	0,000
98,000	0,000
100,000	0,000
102,000	0,000
104,000	0,014
106,000	0,009
108,000	0,009
110,000	0,007
112,000	0,009
114,000	0,013
116,000	0,008
118,000	0,006
120,000	0,011
122,000	0,009
124,000	0,006
126,000	0,008
128,000	0,010
130,000	0,006
132,000	0,013
134,000	0,012
136,000	0,007
138,000	0,011
140,000	0,010
142,000	0,012
144,000	0,004
146,000	0,012
148,000	0,011
150,000	0,007
152,000	0,008
154,000	0,014
156,000	0,009
158,000	0,010
160,000	0,009
162,000	0,011
164,000	0,007
166,000	0,014
168,000	0,010
170,000	0,009
172,000	0,005
174,000	0,006
176,000	0,011
178,000	0,012
180,000	0,005
182,000	0,007
184,000	0,010
186,000	0,013
188,000	0,008
190,000	0,012
192,000	0,010
194,000	0,008
196,000	0,009
198,000	0,010
200,000	0,011
202,000	0,008
204,000	0,009
206,000	0,006
208,000	0,010
210,000	0,006
212,000	0,009
214,000	0,008
216,000	0,006
218,000	0,010
220,000	0,008
222,000	0,008
224,000	0,015
226,000	0,007
228,000	0,009
230,000	0,014
232,000	0,008
234,000	0,007
236,000	0,006
238,000	0,008
240,000	0,009
242,000	0,010
244,000	0,011
246,000	0,015
248,000	0,009
250,000	0,009
252,000	0,012
254,000	0,008
256,000	0,013
258,000	0,009
260,000	0,010
262,000	0,012
264,000	0,013
266,000	0,012
268,000	0,010
270,000	0,011
272,000	0,012
274,000	0,013
276,000	0,012
278,000	0,013
280,000	0,014
282,000	0,009
284,000	0,012
286,000	0,013
288,000	0,015
290,000	0,009
292,000	0,013
294,000	0,017
296,000	0,005
298,000	0,009
300,000	0,014
302,000	0,014
304,000	0,010
306,000	0,012
308,000	0,013
310,000	0,014
312,000	0,015
314,000	0,013
316,000	0,015
318,000	0,013
320,000	0,014
322,000	0,017
324,000	0,012
326,000	0,012
328,000	0,015
330,000	0,015
332,000	0,011
334,000	0,012
336,000	0,012
338,000	0,012
340,000	0,014
342,000	0,012
344,000	0,015
346,000	0,014
348,000	0,012
350,000	0,012
352,000	0,013
354,000	0,013
356,000	0,016
358,000	0,012
360,000	0,014
362,000	0,015
364,000	0,017
366,000	0,010
368,000	0,015
370,000	0,020
372,000	0,018
374,000	0,017
376,000	0,020
378,000	0,016
380,000	0,014
382,000	0,018
384,000	0,017
386,000	0,014
388,000	0,022
390,000	0,020
392,000	0,021
394,000	0,019
396,000	0,029
398,000	0,021
400,000	0,023
402,000	0,022
404,000	0,028
406,000	0,030
408,000	0,028
410,000	0,031
412,000	0,027
414,000	0,031
416,000	0,032
418,000	0,034
420,000	0,031
422,000	0,025
424,000	0,029
426,000	0,031
428,000	0,033
430,000	0,032
432,000	0,035
434,000	0,039
436,000	0,045
438,000	0,050
440,000	0,053
442,000	0,058
444,000	0,064
446,000	0,065
448,000	0,071
450,000	0,090
452,000	0,085
454,000	0,092
456,000	0,102
458,000	0,114
460,000	0,137
462,000	0,164
464,000	0,163
466,000	0,136
468,000	0,101
470,000	0,068
472,000	0,047
474,000	0,040
476,000	0,035
478,000	0,030
480,000	0,022
482,000	0,011
484,000	0,012
486,000	0,002
488,000	0,004
490,000	0,004
492,000	0,005
494,000	0,007
496,000	0,008
498,000	0,012
500,000	0,014
502,000	0,016
504,000	0,024
506,000	0,023
508,000	0,026
510,000	0,025
512,000	0,028
514,000	0,032
516,000	0,024
518,000	0,027
520,000	0,022
522,000	0,032
524,000	0,029
526,000	0,041
528,000	0,043
530,000	0,060
532,000	0,061
534,000	0,075
536,000	0,095
538,000	0,106
540,000	0,109
542,000	0,132
544,000	0,151
546,000	0,160
548,000	0,180
550,000	0,207
552,000	0,241
554,000	0,282
556,000	0,375
558,000	0,412
560,000	0,377
562,000	0,289
564,000	0,218
566,000	0,186
568,000	0,137
570,000	0,127
572,000	0,113
574,000	0,117
576,000	0,098
578,000	0,093
580,000	0,082
582,000	0,080
584,000	0,070
586,000	0,063
588,000	0,063
590,000	0,062
592,000	0,052
594,000	0,050
596,000	0,045
598,000	0,041
600,000	0,037
602,000	0,034
604,000	0,035
606,000	0,032
608,000	0,026
610,000	0,024
612,000	0,026
614,000	0,030
616,000	0,028
618,000	0,024
620,000	0,027
622,000	0,024
624,000	0,024
626,000	0,020
628,000	0,028
630,000	0,023
632,000	0,018
634,000	0,023
636,000	0,030
638,000	0,025
640,000	0,022
642,000	0,019
644,000	0,020
646,000	0,017
648,000	0,017
650,000	0,024
652,000	0,021
654,000	0,017
656,000	0,021
658,000	0,023
660,000	0,016
662,000	0,018
664,000	0,019
666,000	0,023
668,000	0,017
670,000	0,016
672,000	0,017
674,000	0,018
676,000	0,014
678,000	0,020
680,000	0,016
682,000	0,016
684,000	0,015
686,000	0,017
688,000	0,014
690,000	0,011
692,000	0,010
694,000	0,018
696,000	0,013
698,000	0,011
700,000	0,016
702,000	0,002
704,000	0,012
706,000	0,011
708,000	0,012
710,000	0,009
712,000	0,009
714,000	0,011
716,000	0,014
718,000	0,012
720,000	0,016
722,000	0,010
724,000	0,007
726,000	0,013
728,000	0,015
730,000	0,011
732,000	0,015
734,000	0,010
736,000	0,009
738,000	0,004
740,000	0,012
742,000	0,012
744,000	0,004
746,000	0,009
748,000	0,009
750,000	0,011
752,000	0,010
754,000	0,009
756,000	0,010
758,000	0,006
760,000	0,012
762,000	0,012
764,000	0,015
766,000	0,010
768,000	0,005
770,000	0,012
772,000	0,009
774,000	0,009
776,000	0,009
778,000	0,004
780,000	0,009
782,000	0,009
784,000	0,009
786,000	0,013
788,000	0,010
790,000	0,011
792,000	0,008
794,000	0,011
796,000	0,014
798,000	0,013
800,000	0,005
802,000	0,015
804,000	0,013
806,000	0,008
808,000	0,012
810,000	0,011
812,000	0,010
814,000	0,006
816,000	0,009
818,000	0,008
820,000	0,011
822,000	0,007
824,000	0,006
826,000	0,007
828,000	0,004
830,000	0,006
832,000	0,011
834,000	0,006
836,000	0,005
838,000	0,001
840,000	0,009
842,000	0,010
844,000	0,006
846,000	0,008
848,000	0,003
850,000	0,005
852,000	0,006
854,000	0,007
856,000	0,005
858,000	0,007
860,000	0,003
862,000	0,004
864,000	0,003
866,000	0,006
868,000	0,005
870,000	0,002
872,000	0,006
874,000	0,007
876,000	0,001
878,000	0,009
880,000	0,007
882,000	0,002
884,000	0,006
886,000	0,008
888,000	0,006
890,000	0,004
892,000	0,007
894,000	0,002
896,000	0,008
898,000	0,004
900,000	0,007
902,000	0,005
904,000	0,003
906,000	0,005
908,000	0,006
910,000	0,003
912,000	0,006
914,000	0,007
916,000	0,007
918,000	0,003
920,000	0,005
922,000	0,008
924,000	0,008
926,000	0,003
928,000	0,007
930,000	0,007
932,000	0,005
934,000	0,007
936,000	0,008
938,000	0,007
940,000	0,003
942,000	0,008
944,000	0,007
946,000	0,007
948,000	0,006
950,000	0,005
952,000	0,002
954,000	0,007
956,000	0,007
958,000	0,007
960,000	0,002
962,000	0,005
964,000	0,003
966,000	0,003
968,000	0,006
970,000	0,007
972,000	0,003
974,000	0,005
976,000	0,007
978,000	0,006
980,000	0,003
982,000	0,005
984,000	0,006
986,000	0,002
988,000	0,007
990,000	0,005
992,000	0,001
994,000	0,004
996,000	0,003
998,000	0,005
1000,000	0,009
