500
2,000	0,000
4,000	0,000
6,000	0,000
8,000	0,000
10,000	0,000
12,000	0,000
14,000	0,000
16,000	0,000
18,000	0,000
20,000	0,000
22,000	0,000
24,000	0,000
26,000	0,000
28,000	0,000
30,000	0,000
32,000	0,000
34,000	0,000
36,000	0,000
38,000	0,000
40,000	0,000
42,000	0,000
44,000	0,000
46,000	0,000
48,000	0,000
50,000	0,000
52,000	0,000
54,000	0,000
56,000	0,000
58,000	0,000
60,000	0,000
62,000	0,000
64,000	0,000
66,000	0,000
68,000	0,000
70,000	0,000
72,000	0,000
74,000	0,000
76,000	0,000
78,000	0,000
80,000	0,000
82,000	0,000
84,000	0,000
86,000	0,000
88,000	0,000
90,000	0,000
92,000	0,000
94,000	0,000
96,000	0,000
98,000	0,000
100,000	0,000
102,000	0,000
104,000	0,004
106,000	0,010
108,000	0,006
110,000	0,009
112,000	0,009
114,000	0,004
116,000	0,009
118,000	0,004
120,000	0,002
122,000	0,004
124,000	0,005
126,000	0,007
128,000	0,003
130,000	0,008
132,000	0,008
134,000	0,002
136,000	0,008
138,000	0,008
140,000	0,005
142,000	0,011
144,000	0,014
146,000	0,005
148,000	0,011
150,000	0,006
152,000	0,009
154,000	0,006
156,000	0,004
158,000	0,006
160,000	0,007
162,000	0,010
164,000	0,005
166,000	0,004
168,000	0,010
170,000	0,009
172,000	0,004
174,000	0,010
176,000	0,008
178,000	0,006
180,000	0,013
182,000	0,003
184,000	0,011
186,000	0,012
188,000	0,004
190,000	0,007
192,000	0,008
194,000	0,009
196,000	0,006
198,000	0,003
200,000	0,005
202,000	0,004
204,000	0,004
206,000	0,006
208,000	0,002
210,000	0,010
212,000	0,011
214,000	0,004
216,000	0,006
218,000	0,002
220,000	0,005
222,000	0,009
224,000	0,010
226,000	0,002
228,000	0,009
230,000	0,008
232,000	0,009
234,000	0,007
236,000	0,007
238,000	0,009
240,000	0,002
242,000	0,012
244,000	0,008
246,000	0,006
248,000	0,013
250,000	0,012
252,000	0,005
254,000	0,007
256,000	0,010
258,000	0,009
260,000	0,013
262,000	0,004
264,000	0,007
266,000	0,007
268,000	0,007
270,000	0,006
272,000	0,010
274,000	0,008
276,000	0,004
278,000	0,007
280,000	0,007
282,000	0,004
284,000	0,012
286,000	0,010
288,000	0,005
290,000	0,009
292,000	0,012
294,000	0,008
296,000	0,008
298,000	0,004
300,000	0,005
302,000	0,010
304,000	0,007
306,000	0,007
308,000	0,005
310,000	0,008
312,000	0,010
314,000	0,012
316,000	0,012
318,000	0,007
320,000	0,010
322,000	0,007
324,000	0,007
326,000	0,006
328,000	0,013
330,000	0,007
332,000	0,014
334,000	0,007
336,000	0,012
338,000	0,011
340,000	0,009
342,000	0,009
344,000	0,010
346,000	0,007
348,000	0,007
350,000	0,010
352,000	0,006
354,000	0,012
356,000	0,011
358,000	0,008
360,000	0,012
362,000	0,010
364,000	0,012
366,000	0,011
368,000	0,010
370,000	0,008
372,000	0,012
374,000	0,016
376,000	0,009
378,000	0,010
380,000	0,015
382,000	0,011
384,000	0,012
386,000	0,014
388,000	0,011
390,000	0,014
392,000	0,015
394,000	0,009
396,000	0,012
398,000	0,013
400,000	0,017
402,000	0,015
404,000	0,016
406,000	0,017
408,000	0,020
410,000	0,020
412,000	0,023
414,000	0,019
416,000	0,023
418,000	0,024
420,000	0,019
422,000	0,017
424,000	0,024
426,000	0,017
428,000	0,026
430,000	0,026
432,000	0,025
434,000	0,029
436,000	0,035
438,000	0,037
440,000	0,041
442,000	0,051
444,000	0,056
446,000	0,064
448,000	0,063
450,000	0,064
452,000	0,055
454,000	0,040
456,000	0,028
458,000	0,018
460,000	0,005
462,000	0,005
464,000	0,007
466,000	0,010
468,000	0,004
470,000	0,005
472,000	0,009
474,000	0,011
476,000	0,007
478,000	0,011
480,000	0,011
482,000	0,010
484,000	0,009
486,000	0,013
488,000	0,007
490,000	0,020
492,000	0,018
494,000	0,017
496,000	0,020
498,000	0,023
500,000	0,016
502,000	0,032
504,000	0,030
506,000	0,034
508,000	0,041
510,000	0,034
512,000	0,033
514,000	0,033
516,000	0,030
518,000	0,036
520,000	0,038
522,000	0,041
524,000	0,047
526,000	0,052
528,000	0,057
530,000	0,059
532,000	0,068
534,000	0,083
536,000	0,105
538,000	0,122
540,000	0,143
542,000	0,156
544,000	0,146
546,000	0,146
548,000	0,125
550,000	0,075
552,000	0,040
554,000	0,020
556,000	0,020
558,000	0,025
560,000	0,024
562,000	0,023
564,000	0,019
566,000	0,020
568,000	0,024
570,000	0,025
572,000	0,033
574,000	0,031
576,000	0,038
578,000	0,055
580,000	0,074
582,000	0,089
584,000	0,117
586,000	0,127
588,000	0,127
590,000	0,131
592,000	0,103
594,000	0,076
596,000	0,058
598,000	0,040
600,000	0,039
602,000	0,034
604,000	0,033
606,000	0,031
608,000	0,029
610,000	0,034
612,000	0,033
614,000	0,031
616,000	0,031
618,000	0,031
620,000	0,034
622,000	0,033
624,000	0,027
626,000	0,027
628,000	0,024
630,000	0,016
632,000	0,022
634,000	0,017
636,000	0,016
638,000	0,019
640,000	0,019
642,000	0,014
644,000	0,020
646,000	0,017
648,000	0,017
650,000	0,010
652,000	0,016
654,000	0,012
656,000	0,014
658,000	0,016
660,000	0,008
662,000	0,014
664,000	0,018
666,000	0,011
668,000	0,013
670,000	0,014
672,000	0,008
674,000	0,015
676,000	0,018
678,000	0,008
680,000	0,013
682,000	0,014
684,000	0,012
686,000	0,010
688,000	0,009
690,000	0,010
692,000	0,008
694,000	0,012
696,000	0,008
698,000	0,013
700,000	0,016
702,000	0,009
704,000	0,006
706,000	0,009
708,000	0,007
710,000	0,009
712,000	0,011
714,000	0,006
716,000	0,011
718,000	0,011
720,000	0,004
722,000	0,011
724,000	0,011
726,000	0,010
728,000	0,009
730,000	0,006
732,000	0,003
734,000	0,007
736,000	0,011
738,000	0,013
740,000	0,007
742,000	0,009
744,000	0,014
746,000	0,009
748,000	0,013
750,000	0,007
752,000	0,003
754,000	0,007
756,000	0,009
758,000	0,007
760,000	0,006
762,000	0,009
764,000	0,013
766,000	0,005
768,000	0,006
770,000	0,008
772,000	0,008
774,000	0,009
776,000	0,011
778,000	0,003
780,000	0,012
782,000	0,005
784,000	0,008
786,000	0,006
788,000	0,008
790,000	0,010
792,000	0,006
794,000	0,004
796,000	0,007
798,000	0,008
800,000	0,010
802,000	0,008
804,000	0,003
806,000	0,009
808,000	0,010
810,000	0,007
812,000	0,006
814,000	0,004
816,000	0,007
818,000	0,008
820,000	0,004
822,000	0,003
824,000	0,009
826,000	0,006
828,000	0,011
830,000	0,010
832,000	0,002
834,000	0,006
836,000	0,002
838,000	0,006
840,000	0,001
842,000	0,005
844,000	0,006
846,000	0,010
848,000	0,004
850,000	0,005
852,000	0,004
854,000	0,004
856,000	0,003
858,000	0,005
860,000	0,007
862,000	0,004
864,000	0,007
866,000	0,006
868,000	0,004
870,000	0,010
872,000	0,003
874,000	0,005
876,000	0,004
878,000	0,003
880,000	0,009
882,000	0,010
884,000	0,006
886,000	0,010
888,000	0,010
890,000	0,002
892,000	0,007
894,000	0,007
896,000	0,004
898,000	0,005
900,000	0,006
902,000	0,005
904,000	0,008
906,000	0,009
908,000	0,001
910,000	0,006
912,000	0,006
914,000	0,005
916,000	0,008
918,000	0,012
920,000	0,006
922,000	0,006
924,000	0,007
926,000	0,002
928,000	0,004
930,000	0,002
932,000	0,003
934,000	0,004
936,000	0,003
938,000	0,006
940,000	0,004
942,000	0,007
944,000	0,004
946,000	0,001
948,000	0,003
950,000	0,007
952,000	0,003
954,000	0,005
956,000	0,005
958,000	0,002
960,000	0,007
962,000	0,007
964,000	0,003
966,000	0,003
968,000	0,007
970,000	0,010
972,000	0,004
974,000	0,005
976,000	0,007
978,000	0,004
980,000	0,001
982,000	0,003
984,000	0,003
986,000	0,006
988,000	0,005
990,000	0,001
992,000	0,002
994,000	0,002
996,000	0,001
998,000	0,003
1000,000	0,003
