500
2,000	0,000
4,000	0,000
6,000	0,000
8,000	0,000
10,000	0,000
12,000	0,000
14,000	0,000
16,000	0,000
18,000	0,000
20,000	0,000
22,000	0,000
24,000	0,000
26,000	0,000
28,000	0,000
30,000	0,000
32,000	0,000
34,000	0,000
36,000	0,000
38,000	0,000
40,000	0,000
42,000	0,000
44,000	0,000
46,000	0,000
48,000	0,000
50,000	0,000
52,000	0,000
54,000	0,000
56,000	0,000
58,000	0,000
60,000	0,000
62,000	0,000
64,000	0,000
66,000	0,000
68,000	0,000
70,000	0,000
72,000	0,000
74,000	0,000
76,000	0,000
78,000	0,000
80,000	0,000
82,000	0,000
84,000	0,000
86,000	0,000
88,000	0,000
90,000	0,000
92,000	0,000
94,000	0,000
96,000	0,000
98,000	0,000
100,000	0,000
102,000	0,000
104,000	0,022
106,000	0,022
108,000	0,021
110,000	0,022
112,000	0,016
114,000	0,021
116,000	0,021
118,000	0,019
120,000	0,021
122,000	0,019
124,000	0,024
126,000	0,021
128,000	0,019
130,000	0,024
132,000	0,019
134,000	0,019
136,000	0,022
138,000	0,020
140,000	0,022
142,000	0,022
144,000	0,019
146,000	0,021
148,000	0,020
150,000	0,022
152,000	0,020
154,000	0,016
156,000	0,017
158,000	0,017
160,000	0,020
162,000	0,018
164,000	0,017
166,000	0,019
168,000	0,020
170,000	0,014
172,000	0,024
174,000	0,019
176,000	0,024
178,000	0,024
180,000	0,018
182,000	0,019
184,000	0,021
186,000	0,025
188,000	0,023
190,000	0,020
192,000	0,021
194,000	0,025
196,000	0,022
198,000	0,024
200,000	0,022
202,000	0,020
204,000	0,023
206,000	0,021
208,000	0,022
210,000	0,022
212,000	0,024
214,000	0,025
216,000	0,020
218,000	0,023
220,000	0,022
222,000	0,023
224,000	0,024
226,000	0,024
228,000	0,026
230,000	0,025
232,000	0,029
234,000	0,026
236,000	0,024
238,000	0,024
240,000	0,024
242,000	0,025
244,000	0,027
246,000	0,028
248,000	0,025
250,000	0,023
252,000	0,026
254,000	0,027
256,000	0,027
258,000	0,027
260,000	0,027
262,000	0,029
264,000	0,025
266,000	0,028
268,000	0,025
270,000	0,030
272,000	0,029
274,000	0,031
276,000	0,031
278,000	0,029
280,000	0,033
282,000	0,031
284,000	0,035
286,000	0,034
288,000	0,036
290,000	0,034
292,000	0,035
294,000	0,038
296,000	0,038
298,000	0,037
300,000	0,035
302,000	0,038
304,000	0,041
306,000	0,042
308,000	0,044
310,000	0,046
312,000	0,044
314,000	0,051
316,000	0,050
318,000	0,047
320,000	0,048
322,000	0,050
324,000	0,056
326,000	0,062
328,000	0,062
330,000	0,070
332,000	0,074
334,000	0,078
336,000	0,076
338,000	0,069
340,000	0,067
342,000	0,073
344,000	0,074
346,000	0,071
348,000	0,074
350,000	0,079
352,000	0,072
354,000	0,074
356,000	0,076
358,000	0,080
360,000	0,090
362,000	0,116
364,000	0,122
366,000	0,113
368,000	0,119
370,000	0,113
372,000	0,114
374,000	0,108
376,000	0,081
378,000	0,059
380,000	0,043
382,000	0,029
384,000	0,024
386,000	0,020
388,000	0,017
390,000	0,007
392,000	0,008
394,000	0,005
396,000	0,001
398,000	0,003
400,000	0,005
402,000	0,006
404,000	0,005
406,000	0,005
408,000	0,010
410,000	0,009
412,000	0,011
414,000	0,015
416,000	0,014
418,000	0,016
420,000	0,016
422,000	0,018
424,000	0,021
426,000	0,019
428,000	0,022
430,000	0,025
432,000	0,024
434,000	0,024
436,000	0,022
438,000	0,021
440,000	0,025
442,000	0,025
444,000	0,027
446,000	0,025
448,000	0,025
450,000	0,027
452,000	0,027
454,000	0,027
456,000	0,028
458,000	0,026
460,000	0,026
462,000	0,031
464,000	0,028
466,000	0,036
468,000	0,037
470,000	0,042
472,000	0,045
474,000	0,040
476,000	0,047
478,000	0,048
480,000	0,048
482,000	0,054
484,000	0,053
486,000	0,054
488,000	0,055
490,000	0,057
492,000	0,064
494,000	0,060
496,000	0,069
498,000	0,071
500,000	0,075
502,000	0,080
504,000	0,082
506,000	0,084
508,000	0,093
510,000	0,099
512,000	0,106
514,000	0,116
516,000	0,129
518,000	0,149
520,000	0,183
522,000	0,202
524,000	0,195
526,000	0,169
528,000	0,168
530,000	0,180
532,000	0,189
534,000	0,198
536,000	0,193
538,000	0,216
540,000	0,212
542,000	0,210
544,000	0,223
546,000	0,251
548,000	0,278
550,000	0,345
552,000	0,421
554,000	0,402
556,000	0,409
558,000	0,411
560,000	0,415
562,000	0,450
564,000	0,387
566,000	0,304
568,000	0,243
570,000	0,197
572,000	0,177
574,000	0,155
576,000	0,140
578,000	0,126
580,000	0,115
582,000	0,105
584,000	0,102
586,000	0,094
588,000	0,087
590,000	0,084
592,000	0,078
594,000	0,074
596,000	0,072
598,000	0,068
600,000	0,063
602,000	0,060
604,000	0,061
606,000	0,054
608,000	0,050
610,000	0,048
612,000	0,051
614,000	0,046
616,000	0,048
618,000	0,047
620,000	0,048
622,000	0,046
624,000	0,045
626,000	0,045
628,000	0,041
630,000	0,041
632,000	0,042
634,000	0,041
636,000	0,039
638,000	0,038
640,000	0,037
642,000	0,036
644,000	0,035
646,000	0,036
648,000	0,034
650,000	0,033
652,000	0,037
654,000	0,035
656,000	0,033
658,000	0,028
660,000	0,029
662,000	0,028
664,000	0,029
666,000	0,026
668,000	0,026
670,000	0,021
672,000	0,027
674,000	0,026
676,000	0,021
678,000	0,023
680,000	0,020
682,000	0,025
684,000	0,023
686,000	0,019
688,000	0,021
690,000	0,020
692,000	0,022
694,000	0,021
696,000	0,019
698,000	0,018
700,000	0,019
702,000	0,015
704,000	0,025
706,000	0,018
708,000	0,018
710,000	0,018
712,000	0,016
714,000	0,020
716,000	0,017
718,000	0,013
720,000	0,018
722,000	0,019
724,000	0,020
726,000	0,016
728,000	0,016
730,000	0,017
732,000	0,015
734,000	0,013
736,000	0,011
738,000	0,010
740,000	0,008
742,000	0,013
744,000	0,011
746,000	0,009
748,000	0,009
750,000	0,017
752,000	0,021
754,000	0,017
756,000	0,012
758,000	0,013
760,000	0,010
762,000	0,015
764,000	0,019
766,000	0,019
768,000	0,020
770,000	0,016
772,000	0,019
774,000	0,017
776,000	0,017
778,000	0,018
780,000	0,020
782,000	0,018
784,000	0,018
786,000	0,014
788,000	0,016
790,000	0,014
792,000	0,016
794,000	0,019
796,000	0,012
798,000	0,018
800,000	0,014
802,000	0,014
804,000	0,013
806,000	0,013
808,000	0,012
810,000	0,011
812,000	0,014
814,000	0,016
816,000	0,012
818,000	0,013
820,000	0,011
822,000	0,012
824,000	0,013
826,000	0,012
828,000	0,009
830,000	0,012
832,000	0,011
834,000	0,011
836,000	0,014
838,000	0,011
840,000	0,012
842,000	0,010
844,000	0,014
846,000	0,012
848,000	0,011
850,000	0,010
852,000	0,011
854,000	0,011
856,000	0,010
858,000	0,008
860,000	0,011
862,000	0,010
864,000	0,007
866,000	0,007
868,000	0,011
870,000	0,009
872,000	0,010
874,000	0,011
876,000	0,011
878,000	0,008
880,000	0,008
882,000	0,009
884,000	0,009
886,000	0,010
888,000	0,012
890,000	0,010
892,000	0,011
894,000	0,010
896,000	0,009
898,000	0,010
900,000	0,006
902,000	0,006
904,000	0,010
906,000	0,009
908,000	0,009
910,000	0,010
912,000	0,007
914,000	0,006
916,000	0,008
918,000	0,007
920,000	0,011
922,000	0,006
924,000	0,009
926,000	0,006
928,000	0,011
930,000	0,012
932,000	0,009
934,000	0,008
936,000	0,006
938,000	0,007
940,000	0,009
942,000	0,008
944,000	0,008
946,000	0,008
948,000	0,007
950,000	0,013
952,000	0,007
954,000	0,005
956,000	0,007
958,000	0,004
960,000	0,006
962,000	0,007
964,000	0,008
966,000	0,009
968,000	0,005
970,000	0,007
972,000	0,008
974,000	0,006
976,000	0,007
978,000	0,006
980,000	0,006
982,000	0,011
984,000	0,004
986,000	0,007
988,000	0,005
990,000	0,008
992,000	0,007
994,000	0,007
996,000	0,004
998,000	0,006
1000,000	0,006
