500
2,000	0,000
4,000	0,000
6,000	0,000
8,000	0,000
10,000	0,000
12,000	0,000
14,000	0,000
16,000	0,000
18,000	0,000
20,000	0,000
22,000	0,000
24,000	0,000
26,000	0,000
28,000	0,000
30,000	0,000
32,000	0,000
34,000	0,000
36,000	0,000
38,000	0,000
40,000	0,000
42,000	0,000
44,000	0,000
46,000	0,000
48,000	0,000
50,000	0,000
52,000	0,000
54,000	0,000
56,000	0,000
58,000	0,000
60,000	0,000
62,000	0,000
64,000	0,000
66,000	0,000
68,000	0,000
70,000	0,000
72,000	0,000
74,000	0,000
76,000	0,000
78,000	0,000
80,000	0,000
82,000	0,000
84,000	0,000
86,000	0,000
88,000	0,000
90,000	0,000
92,000	0,000
94,000	0,000
96,000	0,000
98,000	0,000
100,000	0,000
102,000	0,000
104,000	0,017
106,000	0,015
108,000	0,017
110,000	0,019
112,000	0,016
114,000	0,015
116,000	0,013
118,000	0,011
120,000	0,017
122,000	0,015
124,000	0,017
126,000	0,018
128,000	0,016
130,000	0,019
132,000	0,015
134,000	0,009
136,000	0,017
138,000	0,009
140,000	0,014
142,000	0,015
144,000	0,013
146,000	0,014
148,000	0,018
150,000	0,012
152,000	0,012
154,000	0,013
156,000	0,015
158,000	0,013
160,000	0,017
162,000	0,022
164,000	0,015
166,000	0,018
168,000	0,013
170,000	0,009
172,000	0,013
174,000	0,011
176,000	0,012
178,000	0,017
180,000	0,018
182,000	0,017
184,000	0,017
186,000	0,011
188,000	0,015
190,000	0,016
192,000	0,016
194,000	0,019
196,000	0,021
198,000	0,018
200,000	0,014
202,000	0,017
204,000	0,019
206,000	0,018
208,000	0,017
210,000	0,017
212,000	0,013
214,000	0,023
216,000	0,020
218,000	0,017
220,000	0,022
222,000	0,016
224,000	0,018
226,000	0,021
228,000	0,020
230,000	0,020
232,000	0,019
234,000	0,014
236,000	0,012
238,000	0,015
240,000	0,013
242,000	0,019
244,000	0,022
246,000	0,020
248,000	0,019
250,000	0,020
252,000	0,020
254,000	0,014
256,000	0,024
258,000	0,023
260,000	0,019
262,000	0,025
264,000	0,021
266,000	0,017
268,000	0,023
270,000	0,016
272,000	0,017
274,000	0,020
276,000	0,023
278,000	0,022
280,000	0,025
282,000	0,027
284,000	0,021
286,000	0,023
288,000	0,026
290,000	0,014
292,000	0,026
294,000	0,028
296,000	0,023
298,000	0,034
300,000	0,032
302,000	0,027
304,000	0,034
306,000	0,030
308,000	0,032
310,000	0,037
312,000	0,035
314,000	0,037
316,000	0,036
318,000	0,038
320,000	0,035
322,000	0,032
324,000	0,038
326,000	0,043
328,000	0,049
330,000	0,052
332,000	0,048
334,000	0,051
336,000	0,053
338,000	0,047
340,000	0,045
342,000	0,049
344,000	0,044
346,000	0,044
348,000	0,050
350,000	0,050
352,000	0,049
354,000	0,050
356,000	0,052
358,000	0,064
360,000	0,068
362,000	0,074
364,000	0,068
366,000	0,075
368,000	0,069
370,000	0,052
372,000	0,055
374,000	0,052
376,000	0,047
378,000	0,031
380,000	0,024
382,000	0,017
384,000	0,010
386,000	0,010
388,000	0,005
390,000	0,007
392,000	0,010
394,000	0,013
396,000	0,014
398,000	0,013
400,000	0,012
402,000	0,014
404,000	0,015
406,000	0,012
408,000	0,013
410,000	0,014
412,000	0,011
414,000	0,017
416,000	0,015
418,000	0,011
420,000	0,016
422,000	0,013
424,000	0,012
426,000	0,016
428,000	0,010
430,000	0,019
432,000	0,021
434,000	0,020
436,000	0,023
438,000	0,016
440,000	0,022
442,000	0,022
444,000	0,025
446,000	0,029
448,000	0,027
450,000	0,033
452,000	0,032
454,000	0,032
456,000	0,036
458,000	0,027
460,000	0,031
462,000	0,031
464,000	0,031
466,000	0,032
468,000	0,037
470,000	0,036
472,000	0,040
474,000	0,037
476,000	0,038
478,000	0,044
480,000	0,047
482,000	0,049
484,000	0,053
486,000	0,056
488,000	0,059
490,000	0,058
492,000	0,064
494,000	0,062
496,000	0,065
498,000	0,075
500,000	0,067
502,000	0,066
504,000	0,077
506,000	0,071
508,000	0,081
510,000	0,091
512,000	0,113
514,000	0,135
516,000	0,142
518,000	0,133
520,000	0,131
522,000	0,128
524,000	0,137
526,000	0,140
528,000	0,137
530,000	0,145
532,000	0,140
534,000	0,142
536,000	0,149
538,000	0,148
540,000	0,164
542,000	0,177
544,000	0,206
546,000	0,238
548,000	0,256
550,000	0,268
552,000	0,284
554,000	0,287
556,000	0,259
558,000	0,260
560,000	0,249
562,000	0,241
564,000	0,209
566,000	0,159
568,000	0,138
570,000	0,112
572,000	0,098
574,000	0,089
576,000	0,074
578,000	0,064
580,000	0,059
582,000	0,042
584,000	0,050
586,000	0,052
588,000	0,058
590,000	0,070
592,000	0,075
594,000	0,088
596,000	0,084
598,000	0,080
600,000	0,086
602,000	0,082
604,000	0,083
606,000	0,072
608,000	0,067
610,000	0,061
612,000	0,053
614,000	0,052
616,000	0,048
618,000	0,046
620,000	0,040
622,000	0,039
624,000	0,039
626,000	0,035
628,000	0,038
630,000	0,038
632,000	0,035
634,000	0,039
636,000	0,035
638,000	0,035
640,000	0,031
642,000	0,035
644,000	0,035
646,000	0,028
648,000	0,031
650,000	0,024
652,000	0,030
654,000	0,027
656,000	0,029
658,000	0,027
660,000	0,026
662,000	0,023
664,000	0,025
666,000	0,022
668,000	0,026
670,000	0,027
672,000	0,022
674,000	0,027
676,000	0,023
678,000	0,023
680,000	0,025
682,000	0,019
684,000	0,019
686,000	0,021
688,000	0,017
690,000	0,020
692,000	0,019
694,000	0,017
696,000	0,017
698,000	0,014
700,000	0,017
702,000	0,016
704,000	0,018
706,000	0,017
708,000	0,014
710,000	0,018
712,000	0,013
714,000	0,012
716,000	0,015
718,000	0,018
720,000	0,014
722,000	0,018
724,000	0,019
726,000	0,019
728,000	0,018
730,000	0,012
732,000	0,014
734,000	0,010
736,000	0,014
738,000	0,010
740,000	0,012
742,000	0,015
744,000	0,011
746,000	0,010
748,000	0,011
750,000	0,010
752,000	0,018
754,000	0,017
756,000	0,013
758,000	0,014
760,000	0,013
762,000	0,010
764,000	0,007
766,000	0,013
768,000	0,010
770,000	0,009
772,000	0,005
774,000	0,011
776,000	0,007
778,000	0,010
780,000	0,012
782,000	0,010
784,000	0,013
786,000	0,011
788,000	0,007
790,000	0,011
792,000	0,007
794,000	0,013
796,000	0,011
798,000	0,011
800,000	0,011
802,000	0,008
804,000	0,011
806,000	0,015
808,000	0,014
810,000	0,014
812,000	0,013
814,000	0,011
816,000	0,013
818,000	0,011
820,000	0,012
822,000	0,008
824,000	0,010
826,000	0,009
828,000	0,006
830,000	0,010
832,000	0,009
834,000	0,011
836,000	0,010
838,000	0,014
840,000	0,009
842,000	0,013
844,000	0,010
846,000	0,011
848,000	0,012
850,000	0,010
852,000	0,011
854,000	0,009
856,000	0,007
858,000	0,007
860,000	0,007
862,000	0,004
864,000	0,009
866,000	0,004
868,000	0,007
870,000	0,006
872,000	0,005
874,000	0,009
876,000	0,005
878,000	0,008
880,000	0,010
882,000	0,001
884,000	0,006
886,000	0,004
888,000	0,008
890,000	0,010
892,000	0,005
894,000	0,007
896,000	0,009
898,000	0,004
900,000	0,009
902,000	0,007
904,000	0,004
906,000	0,005
908,000	0,002
910,000	0,007
912,000	0,002
914,000	0,004
916,000	0,004
918,000	0,007
920,000	0,011
922,000	0,009
924,000	0,010
926,000	0,012
928,000	0,006
930,000	0,009
932,000	0,010
934,000	0,010
936,000	0,014
938,000	0,013
940,000	0,014
942,000	0,012
944,000	0,007
946,000	0,005
948,000	0,008
950,000	0,014
952,000	0,013
954,000	0,013
956,000	0,005
958,000	0,015
960,000	0,009
962,000	0,007
964,000	0,010
966,000	0,003
968,000	0,011
970,000	0,006
972,000	0,006
974,000	0,005
976,000	0,006
978,000	0,006
980,000	0,004
982,000	0,004
984,000	0,008
986,000	0,010
988,000	0,012
990,000	0,010
992,000	0,005
994,000	0,005
996,000	0,003
998,000	0,007
1000,000	0,008
