   496,0
     8,0       0,008460
    10,0       0,020409
    12,0       0,009091
    14,0       0,022439
    16,0       0,027150
    18,0       0,012936
    20,0       0,025980
    22,0       0,021703
    24,0       0,016100
    26,0       0,011531
    28,0       0,026638
    30,0       0,035067
    32,0       0,142196
    34,0       0,011517
    36,0       0,036501
    38,0       0,033173
    40,0       0,009618
    42,0       0,026047
    44,0       0,003251
    46,0       0,094313
    48,0       0,104571
    50,0       0,406109
    52,0       0,137341
    54,0       0,030065
    56,0       0,030385
    58,0       0,002942
    60,0       0,039330
    62,0       0,018984
    64,0       0,007020
    66,0       0,017573
    68,0       0,000486
    70,0       0,006560
    72,0       0,002352
    74,0       0,005958
    76,0       0,001427
    78,0       0,006899
    80,0       0,007732
    82,0       0,007096
    84,0       0,001454
    86,0       0,000980
    88,0       0,002330
    90,0       0,007205
    92,0       0,014699
    94,0       0,014227
    96,0       0,008336
    98,0       0,005936
   100,0       0,018317
   102,0       0,006215
   104,0       0,035757
   106,0       0,019247
   108,0       0,024163
   110,0       0,095098
   112,0       0,023087
   114,0       0,000640
   116,0       0,007670
   118,0       0,057842
   120,0       0,046243
   122,0       0,014502
   124,0       0,005369
   126,0       0,009126
   128,0       0,002663
   130,0       0,003863
   132,0       0,040757
   134,0       0,051265
   136,0       0,028191
   138,0       0,020290
   140,0       0,006956
   142,0       0,014197
   144,0       0,024500
   146,0       0,013231
   148,0       0,004021
   150,0       0,038939
   152,0       0,017137
   154,0       0,023408
   156,0       0,015374
   158,0       0,015226
   160,0       0,002239
   162,0       0,022554
   164,0       0,013315
   166,0       0,092669
   168,0       0,013574
   170,0       0,036943
   172,0       0,001365
   174,0       0,021292
   176,0       0,025853
   178,0       0,002608
   180,0       0,012487
   182,0       0,007432
   184,0       0,002401
   186,0       0,073260
   188,0       0,055437
   190,0       0,046499
   192,0       0,003133
   194,0       0,015187
   196,0       0,004483
   198,0       0,024102
   200,0       0,018750
   202,0       0,001491
   204,0       0,009075
   206,0       0,013840
   208,0       0,011027
   210,0       0,082223
   212,0       0,078378
   214,0       0,047922
   216,0       0,006208
   218,0       0,005566
   220,0       0,022762
   222,0       0,006629
   224,0       0,020353
   226,0       0,056000
   228,0       0,020010
   230,0       0,023917
   232,0       0,020285
   234,0       0,000639
   236,0       0,001122
   238,0       0,020099
   240,0       0,002852
   242,0       0,048393
   244,0       0,014907
   246,0       0,013632
   248,0       0,021760
   250,0       0,009233
   252,0       0,004822
   254,0       0,075554
   256,0       0,003230
   258,0       0,002543
   260,0       0,015464
   262,0       0,072249
   264,0       0,001771
   266,0       0,007167
   268,0       0,068527
   270,0       0,017860
   272,0       0,041321
   274,0       0,023960
   276,0       0,026980
   278,0       0,026042
   280,0       0,009607
   282,0       0,006961
   284,0       0,003382
   286,0       0,028594
   288,0       0,057092
   290,0       0,011007
   292,0       0,054598
   294,0       0,039664
   296,0       0,003605
   298,0       0,015664
   300,0       0,025493
   302,0       0,038064
   304,0       0,038489
   306,0       0,025695
   308,0       0,003889
   310,0       0,024885
   312,0       0,002855
   314,0       0,021444
   316,0       0,014392
   318,0       0,056808
   320,0       0,022862
   322,0       0,088737
   324,0       0,022714
   326,0       0,009383
   328,0       0,040503
   330,0       0,007064
   332,0       0,078722
   334,0       0,147682
   336,0       0,034207
   338,0       0,051200
   340,0       0,017160
   342,0       0,001532
   344,0       0,127681
   346,0       0,043955
   348,0       0,063348
   350,0       0,007114
   352,0       0,000205
   354,0       0,000883
   356,0       0,013609
   358,0       0,019977
   360,0       0,027155
   362,0       0,001808
   364,0       0,004793
   366,0       0,020484
   368,0       0,031775
   370,0       0,019930
   372,0       0,010072
   374,0       0,074386
   376,0       0,100933
   378,0       0,040276
   380,0       0,005217
   382,0       0,020458
   384,0       0,017826
   386,0       0,006840
   388,0       0,002958
   390,0       0,087681
   392,0       0,068662
   394,0       0,016813
   396,0       0,068111
   398,0       0,041888
   400,0       0,007597
   402,0       0,001766
   404,0       0,001012
   406,0       0,105037
   408,0       0,005762
   410,0       0,031984
   412,0       0,020270
   414,0       0,064034
   416,0       0,107699
   418,0       0,023256
   420,0       0,168321
   422,0       0,026298
   424,0       0,002779
   426,0       0,012484
   428,0       0,007863
   430,0       0,009309
   432,0       0,010099
   434,0       0,158510
   436,0       0,034576
   438,0       0,007272
   440,0       0,006967
   442,0       0,044842
   444,0       0,004055
   446,0       0,035495
   448,0       0,010800
   450,0       0,029324
   452,0       0,033715
   454,0       0,006977
   456,0       0,004384
   458,0       0,017577
   460,0       0,025555
   462,0       0,057327
   464,0       0,060760
   466,0       0,032969
   468,0       0,038082
   470,0       0,061347
   472,0       0,021714
   474,0       0,024117
   476,0       0,070943
   478,0       0,013182
   480,0       0,028859
   482,0       0,038567
   484,0       0,018107
   486,0       0,003011
   488,0       0,007926
   490,0       0,007092
   492,0       0,000231
   494,0       0,041989
   496,0       0,053175
   498,0       0,044586
   500,0       0,009952
   502,0       0,023348
   504,0       0,077044
   506,0       0,064280
   508,0       0,011707
   510,0       0,006670
   512,0       0,019456
   514,0       0,018927
   516,0       0,010383
   518,0       0,006585
   520,0       0,101776
   522,0       0,027149
   524,0       0,081592
   526,0       0,057314
   528,0       0,050892
   530,0       0,035776
   532,0       0,035822
   534,0       0,003633
   536,0       0,071476
   538,0       0,028034
   540,0       0,030637
   542,0       0,044038
   544,0       0,081999
   546,0       0,003405
   548,0       0,053713
   550,0       0,050121
   552,0       0,067863
   554,0       0,044997
   556,0       0,052956
   558,0       0,025153
   560,0       0,009341
   562,0       0,053609
   564,0       0,027535
   566,0       0,017535
   568,0       0,045751
   570,0       0,016852
   572,0       0,070214
   574,0       0,055564
   576,0       0,043556
   578,0       0,103813
   580,0       0,006478
   582,0       0,179666
   584,0       0,056513
   586,0       0,220584
   588,0       0,152895
   590,0       0,097066
   592,0       0,031374
   594,0       0,245448
   596,0       0,305091
   598,0       0,116584
   600,0       0,181245
   602,0       0,404661
   604,0       0,406749
   606,0       0,983265
   608,0       1,417395
   610,0       2,563691
   612,0       2,035385
   614,0       2,141439
   616,0       0,519111
   618,0       0,221855
   620,0       0,080506
   622,0       0,305617
   624,0       0,055880
   626,0       0,005658
   628,0       0,042409
   630,0       0,004460
   632,0       0,008581
   634,0       0,045571
   636,0       0,002642
   638,0       0,055621
   640,0       0,009617
   642,0       0,019420
   644,0       0,021584
   646,0       0,029927
   648,0       0,108823
   650,0       0,130248
   652,0       0,043815
   654,0       0,136461
   656,0       0,036788
   658,0       0,080467
   660,0       0,099824
   662,0       0,105559
   664,0       0,174537
   666,0       0,140007
   668,0       0,277044
   670,0       0,408238
   672,0       0,545234
   674,0       0,591701
   676,0       0,638820
   678,0       0,739790
   680,0       0,955273
   682,0       1,482170
   684,0       3,023413
   686,0       6,603504
   688,0      10,952610
   690,0      10,385310
   692,0       7,143260
   694,0       3,844058
   696,0       2,088538
   698,0       2,082678
   700,0       0,803931
   702,0       0,544659
   704,0       0,358424
   706,0       0,152340
   708,0       0,234255
   710,0       0,035720
   712,0       0,048074
   714,0       0,046462
   716,0       0,053867
   718,0       0,048614
   720,0       0,123362
   722,0       0,054921
   724,0       0,126373
   726,0       0,240791
   728,0       0,430754
   730,0       1,144346
   732,0       3,420259
   734,0       6,091107
   736,0      10,518467
   738,0       9,679749
   740,0       5,188270
   742,0       3,132539
   744,0       2,231809
   746,0       2,421849
   748,0       1,655673
   750,0       0,629403
   752,0       0,703939
   754,0       0,836255
   756,0       0,881941
   758,0       0,434149
   760,0       0,563068
   762,0       0,515196
   764,0       0,179849
   766,0       0,417631
   768,0       0,380040
   770,0       0,108473
   772,0       0,159690
   774,0       0,246806
   776,0       0,108562
   778,0       0,157668
   780,0       0,116993
   782,0       0,122084
   784,0       0,086515
   786,0       0,116401
   788,0       0,098872
   790,0       0,054569
   792,0       0,336179
   794,0       0,139984
   796,0       0,011924
   798,0       0,009550
   800,0       0,017261
   802,0       0,128061
   804,0       0,070048
   806,0       0,033608
   808,0       0,121177
   810,0       0,022772
   812,0       0,085228
   814,0       0,103495
   816,0       0,048303
   818,0       0,075250
   820,0       0,104303
   822,0       0,084457
   824,0       0,037348
   826,0       0,069529
   828,0       0,027728
   830,0       0,050467
   832,0       0,006354
   834,0       0,043499
   836,0       0,018834
   838,0       0,004903
   840,0       0,017880
   842,0       0,051329
   844,0       0,099937
   846,0       0,065961
   848,0       0,007541
   850,0       0,058205
   852,0       0,014471
   854,0       0,001267
   856,0       0,082382
   858,0       0,048682
   860,0       0,126213
   862,0       0,024632
   864,0       0,040938
   866,0       0,016471
   868,0       0,026019
   870,0       0,028467
   872,0       0,008705
   874,0       0,081140
   876,0       0,088680
   878,0       0,020119
   880,0       0,026355
   882,0       0,003606
   884,0       0,028305
   886,0       0,004865
   888,0       0,005674
   890,0       0,003908
   892,0       0,013538
   894,0       0,114914
   896,0       0,029377
   898,0       0,002550
   900,0       0,100978
   902,0       0,020557
   904,0       0,008803
   906,0       0,040657
   908,0       0,037733
   910,0       0,062472
   912,0       0,038472
   914,0       0,000733
   916,0       0,086684
   918,0       0,111854
   920,0       0,022507
   922,0       0,077864
   924,0       0,099397
   926,0       0,002816
   928,0       0,021847
   930,0       0,016494
   932,0       0,069451
   934,0       0,005398
   936,0       0,005497
   938,0       0,046326
   940,0       0,045504
   942,0       0,003444
   944,0       0,004067
   946,0       0,054605
   948,0       0,103795
   950,0       0,004520
   952,0       0,097031
   954,0       0,018565
   956,0       0,006591
   958,0       0,001641
   960,0       0,003416
   962,0       0,030695
   964,0       0,074234
   966,0       0,038313
   968,0       0,042203
   970,0       0,027739
   972,0       0,030118
   974,0       0,008514
   976,0       0,021947
   978,0       0,036636
   980,0       0,059748
   982,0       0,108398
   984,0       0,061634
   986,0       0,015002
   988,0       0,014674
   990,0       0,027986
   992,0       0,039321
   994,0       0,024124
   996,0       0,083159
   998,0       0,065560
