500
2,000	0,000
4,000	0,000
6,000	0,000
8,000	0,000
10,000	0,000
12,000	0,000
14,000	0,000
16,000	0,000
18,000	0,000
20,000	0,000
22,000	0,000
24,000	0,000
26,000	0,000
28,000	0,000
30,000	0,000
32,000	0,000
34,000	0,000
36,000	0,000
38,000	0,000
40,000	0,000
42,000	0,000
44,000	0,000
46,000	0,000
48,000	0,000
50,000	0,000
52,000	0,000
54,000	0,000
56,000	0,000
58,000	0,000
60,000	0,000
62,000	0,000
64,000	0,000
66,000	0,000
68,000	0,000
70,000	0,000
72,000	0,000
74,000	0,000
76,000	0,000
78,000	0,000
80,000	0,000
82,000	0,000
84,000	0,000
86,000	0,000
88,000	0,000
90,000	0,000
92,000	0,000
94,000	0,000
96,000	0,000
98,000	0,000
100,000	0,000
102,000	0,000
104,000	0,005
106,000	0,004
108,000	0,009
110,000	0,005
112,000	0,008
114,000	0,008
116,000	0,006
118,000	0,009
120,000	0,009
122,000	0,006
124,000	0,004
126,000	0,006
128,000	0,011
130,000	0,010
132,000	0,007
134,000	0,010
136,000	0,006
138,000	0,006
140,000	0,004
142,000	0,008
144,000	0,013
146,000	0,007
148,000	0,011
150,000	0,008
152,000	0,012
154,000	0,012
156,000	0,008
158,000	0,006
160,000	0,015
162,000	0,014
164,000	0,006
166,000	0,011
168,000	0,010
170,000	0,004
172,000	0,006
174,000	0,012
176,000	0,010
178,000	0,007
180,000	0,015
182,000	0,009
184,000	0,007
186,000	0,010
188,000	0,006
190,000	0,004
192,000	0,009
194,000	0,006
196,000	0,010
198,000	0,013
200,000	0,008
202,000	0,010
204,000	0,011
206,000	0,008
208,000	0,010
210,000	0,011
212,000	0,011
214,000	0,009
216,000	0,009
218,000	0,006
220,000	0,005
222,000	0,008
224,000	0,013
226,000	0,004
228,000	0,015
230,000	0,012
232,000	0,010
234,000	0,009
236,000	0,009
238,000	0,015
240,000	0,011
242,000	0,011
244,000	0,012
246,000	0,013
248,000	0,006
250,000	0,009
252,000	0,009
254,000	0,013
256,000	0,010
258,000	0,016
260,000	0,015
262,000	0,007
264,000	0,014
266,000	0,016
268,000	0,010
270,000	0,003
272,000	0,008
274,000	0,007
276,000	0,014
278,000	0,015
280,000	0,011
282,000	0,006
284,000	0,008
286,000	0,009
288,000	0,010
290,000	0,014
292,000	0,010
294,000	0,013
296,000	0,018
298,000	0,011
300,000	0,009
302,000	0,009
304,000	0,014
306,000	0,010
308,000	0,011
310,000	0,009
312,000	0,009
314,000	0,013
316,000	0,012
318,000	0,010
320,000	0,011
322,000	0,017
324,000	0,010
326,000	0,013
328,000	0,014
330,000	0,017
332,000	0,013
334,000	0,014
336,000	0,014
338,000	0,010
340,000	0,012
342,000	0,015
344,000	0,017
346,000	0,010
348,000	0,009
350,000	0,011
352,000	0,014
354,000	0,016
356,000	0,017
358,000	0,019
360,000	0,014
362,000	0,019
364,000	0,014
366,000	0,016
368,000	0,014
370,000	0,017
372,000	0,020
374,000	0,018
376,000	0,013
378,000	0,014
380,000	0,020
382,000	0,011
384,000	0,016
386,000	0,018
388,000	0,020
390,000	0,018
392,000	0,017
394,000	0,018
396,000	0,016
398,000	0,016
400,000	0,018
402,000	0,019
404,000	0,015
406,000	0,024
408,000	0,021
410,000	0,022
412,000	0,018
414,000	0,027
416,000	0,020
418,000	0,021
420,000	0,025
422,000	0,022
424,000	0,026
426,000	0,023
428,000	0,025
430,000	0,026
432,000	0,029
434,000	0,030
436,000	0,031
438,000	0,040
440,000	0,036
442,000	0,037
444,000	0,039
446,000	0,045
448,000	0,045
450,000	0,054
452,000	0,054
454,000	0,050
456,000	0,056
458,000	0,056
460,000	0,056
462,000	0,055
464,000	0,071
466,000	0,072
468,000	0,079
470,000	0,092
472,000	0,101
474,000	0,119
476,000	0,130
478,000	0,161
480,000	0,219
482,000	0,209
484,000	0,195
486,000	0,192
488,000	0,145
490,000	0,109
492,000	0,082
494,000	0,068
496,000	0,058
498,000	0,045
500,000	0,037
502,000	0,036
504,000	0,030
506,000	0,030
508,000	0,026
510,000	0,027
512,000	0,021
514,000	0,022
516,000	0,014
518,000	0,018
520,000	0,011
522,000	0,001
524,000	0,003
526,000	0,003
528,000	0,004
530,000	0,009
532,000	0,010
534,000	0,008
536,000	0,013
538,000	0,007
540,000	0,014
542,000	0,015
544,000	0,019
546,000	0,021
548,000	0,034
550,000	0,027
552,000	0,031
554,000	0,033
556,000	0,034
558,000	0,039
560,000	0,039
562,000	0,039
564,000	0,049
566,000	0,058
568,000	0,064
570,000	0,075
572,000	0,097
574,000	0,104
576,000	0,159
578,000	0,207
580,000	0,183
582,000	0,192
584,000	0,179
586,000	0,138
588,000	0,109
590,000	0,090
592,000	0,074
594,000	0,063
596,000	0,064
598,000	0,054
600,000	0,049
602,000	0,048
604,000	0,051
606,000	0,039
608,000	0,040
610,000	0,044
612,000	0,043
614,000	0,032
616,000	0,035
618,000	0,028
620,000	0,018
622,000	0,022
624,000	0,022
626,000	0,023
628,000	0,026
630,000	0,022
632,000	0,016
634,000	0,028
636,000	0,025
638,000	0,017
640,000	0,023
642,000	0,023
644,000	0,022
646,000	0,016
648,000	0,015
650,000	0,014
652,000	0,020
654,000	0,020
656,000	0,021
658,000	0,018
660,000	0,021
662,000	0,018
664,000	0,022
666,000	0,023
668,000	0,017
670,000	0,016
672,000	0,015
674,000	0,014
676,000	0,016
678,000	0,015
680,000	0,014
682,000	0,013
684,000	0,012
686,000	0,010
688,000	0,013
690,000	0,010
692,000	0,011
694,000	0,013
696,000	0,015
698,000	0,008
700,000	0,007
702,000	0,012
704,000	0,006
706,000	0,009
708,000	0,009
710,000	0,009
712,000	0,012
714,000	0,008
716,000	0,004
718,000	0,015
720,000	0,017
722,000	0,010
724,000	0,010
726,000	0,009
728,000	0,009
730,000	0,005
732,000	0,010
734,000	0,007
736,000	0,008
738,000	0,009
740,000	0,015
742,000	0,008
744,000	0,010
746,000	0,013
748,000	0,009
750,000	0,012
752,000	0,009
754,000	0,010
756,000	0,010
758,000	0,007
760,000	0,010
762,000	0,005
764,000	0,006
766,000	0,006
768,000	0,005
770,000	0,006
772,000	0,011
774,000	0,004
776,000	0,006
778,000	0,005
780,000	0,005
782,000	0,005
784,000	0,008
786,000	0,008
788,000	0,005
790,000	0,013
792,000	0,009
794,000	0,002
796,000	0,004
798,000	0,004
800,000	0,002
802,000	0,007
804,000	0,007
806,000	0,006
808,000	0,010
810,000	0,007
812,000	0,010
814,000	0,005
816,000	0,006
818,000	0,003
820,000	0,006
822,000	0,007
824,000	0,006
826,000	0,004
828,000	0,004
830,000	0,007
832,000	0,005
834,000	0,008
836,000	0,006
838,000	0,009
840,000	0,011
842,000	0,006
844,000	0,003
846,000	0,003
848,000	0,006
850,000	0,003
852,000	0,006
854,000	0,000
856,000	0,007
858,000	0,006
860,000	0,005
862,000	0,007
864,000	0,005
866,000	0,006
868,000	0,008
870,000	0,007
872,000	0,004
874,000	0,006
876,000	0,006
878,000	0,002
880,000	0,006
882,000	0,008
884,000	0,004
886,000	0,008
888,000	0,010
890,000	0,001
892,000	0,006
894,000	0,002
896,000	0,007
898,000	0,006
900,000	0,009
902,000	0,005
904,000	0,004
906,000	0,002
908,000	0,003
910,000	0,002
912,000	0,003
914,000	0,004
916,000	0,007
918,000	0,007
920,000	0,005
922,000	0,003
924,000	0,004
926,000	0,006
928,000	0,004
930,000	0,003
932,000	0,007
934,000	0,005
936,000	0,004
938,000	0,003
940,000	0,004
942,000	0,004
944,000	0,012
946,000	0,013
948,000	0,008
950,000	0,004
952,000	0,005
954,000	0,009
956,000	0,003
958,000	0,006
960,000	0,005
962,000	0,003
964,000	0,005
966,000	0,004
968,000	0,005
970,000	0,005
972,000	0,006
974,000	0,002
976,000	0,003
978,000	0,004
980,000	0,007
982,000	0,006
984,000	0,010
986,000	0,005
988,000	0,004
990,000	0,006
992,000	0,002
994,000	0,004
996,000	0,010
998,000	0,010
1000,000	0,007
