500
2,000	0,000
4,000	0,000
6,000	0,000
8,000	0,000
10,000	0,000
12,000	0,000
14,000	0,000
16,000	0,000
18,000	0,000
20,000	0,000
22,000	0,000
24,000	0,000
26,000	0,000
28,000	0,000
30,000	0,000
32,000	0,000
34,000	0,000
36,000	0,000
38,000	0,000
40,000	0,000
42,000	0,000
44,000	0,000
46,000	0,000
48,000	0,000
50,000	0,000
52,000	0,000
54,000	0,000
56,000	0,000
58,000	0,000
60,000	0,000
62,000	0,000
64,000	0,000
66,000	0,000
68,000	0,000
70,000	0,000
72,000	0,000
74,000	0,000
76,000	0,000
78,000	0,000
80,000	0,000
82,000	0,000
84,000	0,000
86,000	0,000
88,000	0,000
90,000	0,000
92,000	0,000
94,000	0,000
96,000	0,000
98,000	0,000
100,000	0,000
102,000	0,000
104,000	0,006
106,000	0,010
108,000	0,010
110,000	0,006
112,000	0,010
114,000	0,009
116,000	0,009
118,000	0,008
120,000	0,013
122,000	0,004
124,000	0,010
126,000	0,009
128,000	0,009
130,000	0,003
132,000	0,009
134,000	0,003
136,000	0,012
138,000	0,011
140,000	0,011
142,000	0,006
144,000	0,011
146,000	0,002
148,000	0,011
150,000	0,011
152,000	0,007
154,000	0,006
156,000	0,010
158,000	0,006
160,000	0,007
162,000	0,009
164,000	0,014
166,000	0,004
168,000	0,011
170,000	0,010
172,000	0,003
174,000	0,011
176,000	0,007
178,000	0,005
180,000	0,010
182,000	0,003
184,000	0,008
186,000	0,004
188,000	0,008
190,000	0,002
192,000	0,010
194,000	0,010
196,000	0,005
198,000	0,005
200,000	0,007
202,000	0,007
204,000	0,012
206,000	0,008
208,000	0,010
210,000	0,003
212,000	0,008
214,000	0,005
216,000	0,009
218,000	0,004
220,000	0,009
222,000	0,007
224,000	0,009
226,000	0,010
228,000	0,013
230,000	0,006
232,000	0,014
234,000	0,008
236,000	0,010
238,000	0,009
240,000	0,007
242,000	0,008
244,000	0,006
246,000	0,009
248,000	0,007
250,000	0,005
252,000	0,010
254,000	0,006
256,000	0,009
258,000	0,009
260,000	0,010
262,000	0,011
264,000	0,009
266,000	0,011
268,000	0,009
270,000	0,016
272,000	0,006
274,000	0,012
276,000	0,008
278,000	0,014
280,000	0,010
282,000	0,011
284,000	0,015
286,000	0,008
288,000	0,011
290,000	0,014
292,000	0,005
294,000	0,007
296,000	0,006
298,000	0,012
300,000	0,013
302,000	0,012
304,000	0,012
306,000	0,007
308,000	0,008
310,000	0,011
312,000	0,010
314,000	0,009
316,000	0,011
318,000	0,012
320,000	0,007
322,000	0,007
324,000	0,009
326,000	0,013
328,000	0,006
330,000	0,012
332,000	0,008
334,000	0,009
336,000	0,010
338,000	0,013
340,000	0,008
342,000	0,015
344,000	0,008
346,000	0,016
348,000	0,009
350,000	0,013
352,000	0,006
354,000	0,015
356,000	0,016
358,000	0,014
360,000	0,006
362,000	0,018
364,000	0,012
366,000	0,016
368,000	0,015
370,000	0,014
372,000	0,009
374,000	0,018
376,000	0,018
378,000	0,014
380,000	0,017
382,000	0,018
384,000	0,017
386,000	0,017
388,000	0,020
390,000	0,014
392,000	0,015
394,000	0,020
396,000	0,017
398,000	0,016
400,000	0,017
402,000	0,018
404,000	0,015
406,000	0,014
408,000	0,017
410,000	0,017
412,000	0,013
414,000	0,018
416,000	0,014
418,000	0,022
420,000	0,024
422,000	0,023
424,000	0,018
426,000	0,023
428,000	0,020
430,000	0,023
432,000	0,026
434,000	0,023
436,000	0,024
438,000	0,040
440,000	0,040
442,000	0,040
444,000	0,038
446,000	0,038
448,000	0,035
450,000	0,041
452,000	0,042
454,000	0,037
456,000	0,041
458,000	0,040
460,000	0,039
462,000	0,038
464,000	0,044
466,000	0,042
468,000	0,044
470,000	0,041
472,000	0,054
474,000	0,049
476,000	0,069
478,000	0,073
480,000	0,077
482,000	0,070
484,000	0,077
486,000	0,084
488,000	0,070
490,000	0,053
492,000	0,040
494,000	0,034
496,000	0,025
498,000	0,022
500,000	0,015
502,000	0,011
504,000	0,005
506,000	0,010
508,000	0,002
510,000	0,003
512,000	0,001
514,000	0,002
516,000	0,005
518,000	0,006
520,000	0,006
522,000	0,009
524,000	0,009
526,000	0,008
528,000	0,018
530,000	0,014
532,000	0,016
534,000	0,024
536,000	0,029
538,000	0,031
540,000	0,034
542,000	0,034
544,000	0,033
546,000	0,030
548,000	0,039
550,000	0,031
552,000	0,038
554,000	0,034
556,000	0,039
558,000	0,036
560,000	0,042
562,000	0,044
564,000	0,042
566,000	0,047
568,000	0,049
570,000	0,052
572,000	0,069
574,000	0,068
576,000	0,078
578,000	0,082
580,000	0,085
582,000	0,101
584,000	0,090
586,000	0,080
588,000	0,060
590,000	0,050
592,000	0,039
594,000	0,038
596,000	0,033
598,000	0,030
600,000	0,027
602,000	0,038
604,000	0,027
606,000	0,041
608,000	0,032
610,000	0,038
612,000	0,044
614,000	0,059
616,000	0,069
618,000	0,083
620,000	0,093
622,000	0,095
624,000	0,106
626,000	0,116
628,000	0,105
630,000	0,092
632,000	0,084
634,000	0,074
636,000	0,065
638,000	0,053
640,000	0,051
642,000	0,048
644,000	0,042
646,000	0,041
648,000	0,040
650,000	0,036
652,000	0,031
654,000	0,032
656,000	0,026
658,000	0,022
660,000	0,027
662,000	0,025
664,000	0,025
666,000	0,020
668,000	0,019
670,000	0,021
672,000	0,024
674,000	0,017
676,000	0,015
678,000	0,018
680,000	0,020
682,000	0,018
684,000	0,019
686,000	0,019
688,000	0,022
690,000	0,013
692,000	0,022
694,000	0,017
696,000	0,017
698,000	0,021
700,000	0,018
702,000	0,014
704,000	0,021
706,000	0,010
708,000	0,014
710,000	0,008
712,000	0,019
714,000	0,010
716,000	0,014
718,000	0,015
720,000	0,009
722,000	0,012
724,000	0,018
726,000	0,013
728,000	0,014
730,000	0,014
732,000	0,013
734,000	0,008
736,000	0,013
738,000	0,011
740,000	0,015
742,000	0,012
744,000	0,015
746,000	0,010
748,000	0,010
750,000	0,014
752,000	0,008
754,000	0,014
756,000	0,013
758,000	0,010
760,000	0,009
762,000	0,012
764,000	0,013
766,000	0,011
768,000	0,013
770,000	0,017
772,000	0,008
774,000	0,008
776,000	0,012
778,000	0,005
780,000	0,012
782,000	0,009
784,000	0,007
786,000	0,006
788,000	0,013
790,000	0,010
792,000	0,007
794,000	0,014
796,000	0,008
798,000	0,006
800,000	0,008
802,000	0,006
804,000	0,004
806,000	0,009
808,000	0,008
810,000	0,004
812,000	0,008
814,000	0,008
816,000	0,006
818,000	0,008
820,000	0,005
822,000	0,010
824,000	0,002
826,000	0,010
828,000	0,007
830,000	0,005
832,000	0,010
834,000	0,008
836,000	0,003
838,000	0,009
840,000	0,005
842,000	0,006
844,000	0,004
846,000	0,008
848,000	0,003
850,000	0,011
852,000	0,008
854,000	0,006
856,000	0,003
858,000	0,012
860,000	0,014
862,000	0,003
864,000	0,009
866,000	0,009
868,000	0,004
870,000	0,008
872,000	0,004
874,000	0,005
876,000	0,005
878,000	0,005
880,000	0,006
882,000	0,001
884,000	0,005
886,000	0,004
888,000	0,006
890,000	0,009
892,000	0,003
894,000	0,004
896,000	0,008
898,000	0,007
900,000	0,001
902,000	0,009
904,000	0,008
906,000	0,004
908,000	0,009
910,000	0,007
912,000	0,004
914,000	0,011
916,000	0,006
918,000	0,008
920,000	0,003
922,000	0,006
924,000	0,003
926,000	0,007
928,000	0,005
930,000	0,005
932,000	0,006
934,000	0,003
936,000	0,004
938,000	0,006
940,000	0,003
942,000	0,009
944,000	0,007
946,000	0,007
948,000	0,007
950,000	0,004
952,000	0,007
954,000	0,003
956,000	0,009
958,000	0,004
960,000	0,007
962,000	0,007
964,000	0,004
966,000	0,004
968,000	0,009
970,000	0,007
972,000	0,006
974,000	0,006
976,000	0,006
978,000	0,004
980,000	0,009
982,000	0,006
984,000	0,002
986,000	0,004
988,000	0,005
990,000	0,004
992,000	0,003
994,000	0,008
996,000	0,006
998,000	0,003
1000,000	0,007
