-30.0000000000	3.0649284827
-29.8828125000	5.6799261599
-29.7656250000	2.9260526228
-29.6484375000	4.1159815274
-29.5312500000	2.6499106120
-29.4140625000	3.7932924701
-29.2968750000	0.8193801258
-29.1796875000	2.4864776673
-29.0625000000	1.4301313665
-28.9453125000	4.9933509259
-28.8281250000	4.8053654825
-28.7109375000	5.9186139237
-28.5937500000	4.6295224465
-28.4765625000	2.8296376268
-28.3593750000	7.2514210193
-28.2421875000	7.6125717952
-28.1250000000	6.8031064300
-28.0078125000	3.0278312713
-27.8906250000	4.9896296031
-27.7734375000	4.9059433532
-27.6562500000	6.3660544455
-27.5390625000	3.2723668661
-27.4218750000	1.9925185857
-27.3046875000	3.3000363836
-27.1875000000	6.1931452873
-27.0703125000	6.7575798642
-26.9531250000	3.6132984316
-26.8359375000	6.3054217555
-26.7187500000	1.4540190915
-26.6015625000	1.8586163772
-26.4843750000	8.9056766786
-26.3671875000	6.5669680148
-26.2500000000	0.7836477207
-26.1328125000	3.7001123234
-26.0156250000	3.3136112550
-25.8984375000	2.5015349335
-25.7812500000	0.9843669334
-25.6640625000	6.6515279931
-25.5468750000	6.2084170109
-25.4296875000	5.4781031657
-25.3125000000	0.9693342530
-25.1953125000	5.7053707738
-25.0781250000	2.2114721671
-24.9609375000	4.1822465355
-24.8437500000	10.3759985639
-24.7265625000	3.2475142354
-24.6093750000	9.8823999918
-24.4921875000	1.5746602261
-24.3750000000	2.3170567220
-24.2578125000	2.5982803994
-24.1406250000	2.6935806974
-24.0234375000	4.6318411785
-23.9062500000	1.1647800763
-23.7890625000	1.6346929798
-23.6718750000	4.2448211395
-23.5546875000	5.0473374939
-23.4375000000	2.4017531083
-23.3203125000	2.2480548520
-23.2031250000	3.2714788635
-23.0859375000	2.8731843635
-22.9687500000	5.3820043784
-22.8515625000	4.2515061433
-22.7343750000	5.2354203282
-22.6171875000	3.3618164027
-22.5000000000	0.7698646630
-22.3828125000	2.0541319761
-22.2656250000	2.1506762989
-22.1484375000	3.4560256651
-22.0312500000	3.0764112657
-21.9140625000	2.1424807677
-21.7968750000	2.2025442145
-21.6796875000	4.4909973778
-21.5625000000	4.2881598079
-21.4453125000	2.4871674279
-21.3281250000	2.2950456676
-21.2109375000	3.2283908721
-21.0937500000	2.8195445470
-20.9765625000	6.5338356223
-20.8593750000	1.7953294944
-20.7421875000	4.5510114037
-20.6250000000	1.4506905044
-20.5078125000	2.0976064543
-20.3906250000	3.1285534646
-20.2734375000	2.9371861287
-20.1562500000	3.4029281559
-20.0390625000	2.7883196087
-19.9218750000	2.0993592614
-19.8046875000	1.8701747430
-19.6875000000	5.1189470947
-19.5703125000	3.0094341397
-19.4531250000	6.9833290381
-19.3359375000	5.4567616563
-19.2187500000	8.0161428049
-19.1015625000	6.1832501703
-18.9843750000	3.0067770962
-18.8671875000	6.3367236551
-18.7500000000	4.8319130197
-18.6328125000	0.8881515379
-18.5156250000	2.0012250924
-18.3984375000	6.8332011970
-18.2812500000	4.8710773654
-18.1640625000	0.9009666740
-18.0468750000	0.4308560798
-17.9296875000	3.4095359262
-17.8125000000	0.8316810641
-17.6953125000	4.0027854265
-17.5781250000	4.4304313132
-17.4609375000	3.8356901334
-17.3437500000	5.5920098928
-17.2265625000	5.9452101315
-17.1093750000	2.4021502875
-16.9921875000	3.4609510555
-16.8750000000	3.9792817448
-16.7578125000	4.7723670940
-16.6406250000	3.9669993686
-16.5234375000	6.7635643195
-16.4062500000	4.8516725927
-16.2890625000	2.6075269779
-16.1718750000	1.2278629284
-16.0546875000	7.8193531032
-15.9375000000	4.6237383854
-15.8203125000	7.5769751921
-15.7031250000	5.2982973147
-15.5859375000	1.8961936623
-15.4687500000	0.4583779614
-15.3515625000	4.3479264625
-15.2343750000	3.5017914244
-15.1171875000	3.1204166730
-15.0000000000	1.9732780647
-14.8828125000	3.9959861179
-14.7656250000	1.3379789088
-14.6484375000	0.8236400652
-14.5312500000	1.5152031178
-14.4140625000	2.6462021629
-14.2968750000	6.6379604313
-14.1796875000	3.0519567348
-14.0625000000	4.0575289981
-13.9453125000	4.5338307425
-13.8281250000	4.1972404997
-13.7109375000	1.8804006920
-13.5937500000	2.1664809673
-13.4765625000	1.6739115544
-13.3593750000	3.0152964791
-13.2421875000	2.4015262071
-13.1250000000	8.1049587582
-13.0078125000	4.0664931730
-12.8906250000	3.6813688570
-12.7734375000	2.5275195978
-12.6562500000	6.1799343833
-12.5390625000	5.9136444061
-12.4218750000	4.3907614583
-12.3046875000	3.5814470089
-12.1875000000	1.6911219259
-12.0703125000	2.5516046907
-11.9531250000	5.0570942652
-11.8359375000	8.4273528634
-11.7187500000	6.4320369267
-11.6015625000	3.0710610409
-11.4843750000	12.7921512223
-11.3671875000	3.7472662057
-11.2500000000	8.3868685907
-11.1328125000	4.5014629253
-11.0156250000	7.8209634108
-10.8984375000	9.9953444107
-10.7812500000	7.8482280887
-10.6640625000	10.9995996874
-10.5468750000	11.5872462254
-10.4296875000	18.1911629954
-10.3125000000	18.1512168965
-10.1953125000	21.9232920326
-10.0781250000	15.7216226237
-9.9609375000	25.2900942411
-9.8437500000	22.1911538929
-9.7265625000	24.1639143694
-9.6093750000	26.6899734160
-9.4921875000	26.8508702976
-9.3750000000	32.1915091193
-9.2578125000	30.3794714584
-9.1406250000	30.4839934638
-9.0234375000	32.7571196873
-8.9062500000	26.8942091351
-8.7890625000	25.9001725498
-8.6718750000	40.0505161018
-8.5546875000	35.4335642634
-8.4375000000	34.3615589935
-8.3203125000	31.4078787370
-8.2031250000	37.8814548994
-8.0859375000	36.3373369089
-7.9687500000	40.9342731089
-7.8515625000	34.6629093444
-7.7343750000	45.9904674435
-7.6171875000	42.8948289714
-7.5000000000	47.2874400388
-7.3828125000	41.6099617979
-7.2656250000	47.6460730428
-7.1484375000	47.7269344217
-7.0312500000	42.8645645165
-6.9140625000	47.9243532063
-6.7968750000	48.2017971768
-6.6796875000	47.7036970850
-6.5625000000	46.2448016296
-6.4453125000	43.9750136896
-6.3281250000	47.1574594789
-6.2109375000	44.7572451020
-6.0937500000	45.8164156742
-5.9765625000	43.0382242697
-5.8593750000	50.6734088015
-5.7421875000	45.6382757621
-5.6250000000	46.9918703439
-5.5078125000	42.9500544129
-5.3906250000	52.3900322715
-5.2734375000	49.2393939680
-5.1562500000	50.8941532731
-5.0390625000	49.0342508126
-4.9218750000	49.8389539846
-4.8046875000	49.6168527264
-4.6875000000	51.1620765775
-4.5703125000	47.1691223669
-4.4531250000	45.3092771309
-4.3359375000	44.9601591456
-4.2187500000	50.7476868842
-4.1015625000	41.7636924174
-3.9843750000	46.0418933818
-3.8671875000	45.7672898437
-3.7500000000	44.9834025739
-3.6328125000	45.6945909636
-3.5156250000	44.2519000838
-3.3984375000	46.6665976586
-3.2812500000	46.8341609196
-3.1640625000	45.9991444446
-3.0468750000	48.9390262590
-2.9296875000	44.5392402729
-2.8125000000	44.2581252796
-2.6953125000	43.3634332305
-2.5781250000	47.8406737891
-2.4609375000	54.8356752566
-2.3437500000	48.3022335610
-2.2265625000	49.4554508884
-2.1093750000	44.8799798626
-1.9921875000	43.5049888264
-1.8750000000	44.1570769799
-1.7578125000	48.1522627770
-1.6406250000	55.5462043079
-1.5234375000	53.3173194003
-1.4062500000	49.2027822881
-1.2890625000	47.8864032263
-1.1718750000	50.3443663613
-1.0546875000	48.9323725990
-0.9375000000	56.2770905131
-0.8203125000	54.1464329976
-0.7031250000	43.6485646613
-0.5859375000	49.4397242861
-0.4687500000	40.3905734500
-0.3515625000	56.2851906792
-0.2343750000	45.8329742015
-0.1171875000	51.2884349768
0.0000000000	42.8843915589
0.1171875000	44.0745693594
0.2343750000	40.5823729813
0.3515625000	42.6004625530
0.4687500000	40.1580327332
0.5859375000	35.0150958182
0.7031250000	25.3399113888
0.8203125000	21.4871301401
0.9375000000	12.6768970995
1.0546875000	10.0461006217
1.1718750000	2.9718312656
1.2890625000	7.5745470824
1.4062500000	4.7049627659
1.5234375000	2.4965784429
1.6406250000	5.5224770707
1.7578125000	6.3782377154
1.8750000000	6.2253041298
1.9921875000	3.0309445979
2.1093750000	6.9474926386
2.2265625000	0.5430918343
2.3437500000	2.4679112284
2.4609375000	6.5617205284
2.5781250000	2.2520562716
2.6953125000	3.6283701393
2.8125000000	2.5455618376
2.9296875000	2.2633584312
3.0468750000	2.9395995036
3.1640625000	2.1081860143
3.2812500000	3.4982797634
3.3984375000	5.7375702823
3.5156250000	2.8031342318
3.6328125000	4.5591062163
3.7500000000	3.4298403125
3.8671875000	3.4466830292
3.9843750000	7.2488526972
4.1015625000	4.6993427953
4.2187500000	5.2473084402
4.3359375000	4.5281481981
4.4531250000	6.4887797337
4.5703125000	4.1098343202
4.6875000000	4.0809696611
4.8046875000	3.0858119558
4.9218750000	1.4526650371
5.0390625000	1.8581705556
5.1562500000	4.0110239827
5.2734375000	1.3763688543
5.3906250000	5.6105520287
5.5078125000	3.2111846820
5.6250000000	7.6928803468
5.7421875000	2.7017269027
5.8593750000	1.0505669649
5.9765625000	5.9518920001
6.0937500000	7.4386681940
6.2109375000	1.2988492854
6.3281250000	2.0830401379
6.4453125000	2.0446207126
6.5625000000	6.5261306826
6.6796875000	2.8342940805
6.7968750000	2.5622746375
6.9140625000	5.4710823607
7.0312500000	6.0333191181
7.1484375000	1.3664391696
7.2656250000	1.2035953763
7.3828125000	2.0955692074
7.5000000000	4.1439052968
7.6171875000	3.5792936967
7.7343750000	2.9899900740
7.8515625000	4.9312509606
7.9687500000	3.9423482917
8.0859375000	2.7483871923
8.2031250000	3.4662679484
8.3203125000	1.9644565964
8.4375000000	7.0479706591
8.5546875000	3.5545217977
8.6718750000	4.7047344656
8.7890625000	4.3393444505
8.9062500000	3.5089847618
9.0234375000	6.2112901820
9.1406250000	5.4878497101
9.2578125000	4.6003499753
9.3750000000	5.1600050985
9.4921875000	2.7399978033
9.6093750000	7.4226648383
9.7265625000	3.5233947884
9.8437500000	5.3006577712
9.9609375000	2.9407498774
10.0781250000	5.0717731642
10.1953125000	4.8627326383
10.3125000000	2.5558034391
10.4296875000	6.7072691933
10.5468750000	5.6575234657
10.6640625000	2.3897137164
10.7812500000	5.5549490477
10.8984375000	1.8574874296
11.0156250000	0.9461772430
11.1328125000	3.8640368702
11.2500000000	7.0007465992
11.3671875000	3.6086763032
11.4843750000	5.9859592316
11.6015625000	1.2848104956
11.7187500000	6.8561511399
11.8359375000	4.4689832550
11.9531250000	2.8966724771
12.0703125000	5.7148127066
12.1875000000	5.1102355947
12.3046875000	2.4447322539
12.4218750000	0.4047272408
12.5390625000	4.4456798242
12.6562500000	0.0605500364
12.7734375000	4.9392419758
12.8906250000	5.3235087145
13.0078125000	3.0943915496
13.1250000000	5.2810519780
13.2421875000	4.5585266676
13.3593750000	3.5655020750
13.4765625000	0.8094741347
13.5937500000	5.6304453537
13.7109375000	2.6875805838
13.8281250000	6.2628104339
13.9453125000	5.9951369570
14.0625000000	7.5979142671
14.1796875000	6.2006497442
14.2968750000	3.7132517930
14.4140625000	5.3738862678
14.5312500000	5.8917992567
14.6484375000	4.1312544877
14.7656250000	0.9551297026
14.8828125000	1.4886203325
15.0000000000	2.0857951480
15.1171875000	5.1841400525
15.2343750000	1.1876261027
15.3515625000	2.9878447911
15.4687500000	4.4461506271
15.5859375000	3.1799940483
15.7031250000	1.4474239080
15.8203125000	8.7822113234
15.9375000000	7.1185807943
16.0546875000	2.8527141991
16.1718750000	5.4656622105
16.2890625000	6.9843287848
16.4062500000	3.0392564294
16.5234375000	3.3275680180
16.6406250000	6.4769331555
16.7578125000	4.3271109969
16.8750000000	3.5025573399
16.9921875000	4.6565985579
17.1093750000	2.3769800805
17.2265625000	7.0462035776
17.3437500000	4.9377958473
17.4609375000	5.6423303484
17.5781250000	2.2600826642
17.6953125000	4.2985732080
17.8125000000	2.7075583717
17.9296875000	4.4703093069
18.0468750000	1.1714996001
18.1640625000	2.2285940474
18.2812500000	7.8670535919
18.3984375000	0.3877586001
18.5156250000	6.7371975269
18.6328125000	8.3569736656
18.7500000000	6.3766205929
18.8671875000	6.0765003441
18.9843750000	5.1260587252
19.1015625000	5.2647403776
19.2187500000	3.7290158994
19.3359375000	3.1117562456
19.4531250000	7.1460889197
19.5703125000	1.3240005468
19.6875000000	1.8595149553
19.8046875000	3.6016457542
19.9218750000	4.4981278568
20.0390625000	1.9443902412
20.1562500000	3.6152925636
20.2734375000	4.2476064801
20.3906250000	4.3176500836
20.5078125000	2.0201349913
20.6250000000	1.8492681424
20.7421875000	2.8949790559
20.8593750000	3.9270325180
20.9765625000	0.8185239067
21.0937500000	1.1351373163
21.2109375000	5.1713460452
21.3281250000	3.8102463246
21.4453125000	2.0597929492
21.5625000000	3.4380014361
21.6796875000	4.4235041930
21.7968750000	2.3995589566
21.9140625000	4.4742609730
22.0312500000	2.1346719008
22.1484375000	4.1687622106
22.2656250000	3.1446876594
22.3828125000	1.8839491949
22.5000000000	4.3059223256
22.6171875000	2.7623906839
22.7343750000	1.4700292377
22.8515625000	2.5915496620
22.9687500000	3.8052019853
23.0859375000	2.7858120100
23.2031250000	6.6430243861
23.3203125000	3.8778238274
23.4375000000	2.7811376149
23.5546875000	2.2151767612
23.6718750000	2.2699128720
23.7890625000	3.7006210845
23.9062500000	4.4824837795
24.0234375000	6.7569235278
24.1406250000	5.3678389479
24.2578125000	3.5992787391
24.3750000000	4.2764212863
24.4921875000	2.5630045934
24.6093750000	3.1454332608
24.7265625000	2.8969071168
24.8437500000	8.2933956259
24.9609375000	4.4763906209
25.0781250000	2.6267769916
25.1953125000	5.8589147699
25.3125000000	2.1955996862
25.4296875000	2.6106227093
25.5468750000	1.2597251672
25.6640625000	2.4655347654
25.7812500000	2.7430094180
25.8984375000	2.2672664210
26.0156250000	0.9141660500
26.1328125000	5.0179911536
26.2500000000	4.1263109097
26.3671875000	1.4299529948
26.4843750000	2.1452017425
26.6015625000	2.4047608408
26.7187500000	1.7044539760
26.8359375000	4.0164946084
26.9531250000	5.8568437099
27.0703125000	5.5869561073
27.1875000000	1.9097742784
27.3046875000	4.2276883660
27.4218750000	5.4988228826
27.5390625000	4.0532640216
27.6562500000	5.0791127960
27.7734375000	0.8935076317
27.8906250000	1.3155914446
28.0078125000	0.8179256327
28.1250000000	0.8205941381
28.2421875000	1.6910600915
28.3593750000	4.0878158323
28.4765625000	3.5120896416
28.5937500000	4.0918090544
28.7109375000	0.3684185817
28.8281250000	2.9424446346
28.9453125000	6.9930682237
29.0625000000	5.6894976659
29.1796875000	2.7970279213
29.2968750000	7.7851708862
29.4140625000	8.0007050406
29.5312500000	3.0362957460
29.6484375000	0.6295079809
29.7656250000	2.9695206792
29.8828125000	0.0000000000
