-30.0000000000	5.3941146308
-29.8828125000	1.9178210494
-29.7656250000	1.8157549766
-29.6484375000	1.7056454283
-29.5312500000	3.9610142201
-29.4140625000	1.1856954377
-29.2968750000	0.9179939525
-29.1796875000	4.0033869890
-29.0625000000	2.5660338191
-28.9453125000	2.8309876467
-28.8281250000	5.2887495575
-28.7109375000	0.7912833502
-28.5937500000	8.4432524671
-28.4765625000	4.9865163506
-28.3593750000	7.6115724756
-28.2421875000	8.0975302649
-28.1250000000	6.2687223464
-28.0078125000	0.9674368777
-27.8906250000	3.4978503853
-27.7734375000	2.2724391126
-27.6562500000	4.5220179023
-27.5390625000	8.1067345375
-27.4218750000	3.0670240012
-27.3046875000	2.4683800350
-27.1875000000	5.1051171250
-27.0703125000	3.3093214274
-26.9531250000	2.6649327115
-26.8359375000	3.5648311524
-26.7187500000	2.8761568135
-26.6015625000	4.5288117477
-26.4843750000	1.7096701990
-26.3671875000	3.5894062570
-26.2500000000	4.2110632498
-26.1328125000	4.3964722943
-26.0156250000	6.3911699662
-25.8984375000	7.3034462675
-25.7812500000	5.2442851310
-25.6640625000	4.1474598088
-25.5468750000	2.6617890029
-25.4296875000	3.9945332641
-25.3125000000	2.3882831464
-25.1953125000	1.9775588396
-25.0781250000	4.2887293151
-24.9609375000	6.2617600356
-24.8437500000	6.3181666134
-24.7265625000	5.8757235688
-24.6093750000	4.8434824626
-24.4921875000	7.0895139930
-24.3750000000	3.7233047424
-24.2578125000	9.4320854313
-24.1406250000	4.0732359569
-24.0234375000	4.3559496472
-23.9062500000	5.9533265245
-23.7890625000	2.0050092593
-23.6718750000	3.5379894799
-23.5546875000	2.2742363259
-23.4375000000	0.8625021006
-23.3203125000	3.8105100518
-23.2031250000	3.0645120164
-23.0859375000	5.2119568635
-22.9687500000	1.4420390879
-22.8515625000	5.7475303629
-22.7343750000	4.2788230369
-22.6171875000	3.6591791118
-22.5000000000	2.7639457093
-22.3828125000	3.6767142582
-22.2656250000	4.2644029920
-22.1484375000	2.7444805941
-22.0312500000	6.0741975105
-21.9140625000	4.1314120627
-21.7968750000	5.4080283325
-21.6796875000	2.2853837251
-21.5625000000	4.1702642180
-21.4453125000	3.8134578215
-21.3281250000	5.9742596001
-21.2109375000	1.8260981104
-21.0937500000	4.2464512016
-20.9765625000	3.7333532853
-20.8593750000	1.1920643536
-20.7421875000	2.5153970001
-20.6250000000	1.7411056787
-20.5078125000	0.7748378139
-20.3906250000	6.6401480434
-20.2734375000	0.1148522604
-20.1562500000	2.0741779949
-20.0390625000	1.0143096942
-19.9218750000	7.0373267209
-19.8046875000	3.0324595693
-19.6875000000	2.3454371103
-19.5703125000	2.7983595152
-19.4531250000	5.2585146903
-19.3359375000	4.4333883639
-19.2187500000	0.0672189783
-19.1015625000	0.7330077012
-18.9843750000	2.5204351480
-18.8671875000	1.3937176535
-18.7500000000	7.6269659986
-18.6328125000	4.7971258417
-18.5156250000	6.2851444486
-18.3984375000	1.1981718264
-18.2812500000	1.7626770387
-18.1640625000	6.4733473470
-18.0468750000	3.0489736054
-17.9296875000	3.6543627878
-17.8125000000	2.2271850059
-17.6953125000	2.9106822114
-17.5781250000	3.2459693323
-17.4609375000	4.0671032621
-17.3437500000	4.3100527867
-17.2265625000	5.5623203920
-17.1093750000	3.1267574544
-16.9921875000	3.1634897760
-16.8750000000	2.6087518224
-16.7578125000	2.5761772823
-16.6406250000	4.3634055472
-16.5234375000	4.1934975280
-16.4062500000	3.9902382948
-16.2890625000	5.0814644980
-16.1718750000	3.6641136037
-16.0546875000	9.1285578317
-15.9375000000	0.7006062963
-15.8203125000	2.0330642407
-15.7031250000	4.3946932840
-15.5859375000	3.4399316486
-15.4687500000	7.1236684258
-15.3515625000	4.0936798484
-15.2343750000	6.1909292537
-15.1171875000	2.6185281439
-15.0000000000	2.3638648529
-14.8828125000	1.4187333455
-14.7656250000	5.1400892255
-14.6484375000	6.5425014470
-14.5312500000	2.0862398376
-14.4140625000	4.5677390698
-14.2968750000	4.8286816896
-14.1796875000	7.5244363715
-14.0625000000	4.0987039104
-13.9453125000	2.9858873621
-13.8281250000	4.1597806592
-13.7109375000	0.5459286027
-13.5937500000	2.8897764636
-13.4765625000	3.6503560837
-13.3593750000	1.9237245408
-13.2421875000	7.7600830657
-13.1250000000	4.3365987401
-13.0078125000	4.0366919223
-12.8906250000	3.9093940970
-12.7734375000	7.9528953136
-12.6562500000	4.3060329126
-12.5390625000	3.9758382845
-12.4218750000	5.4068772667
-12.3046875000	6.3281475464
-12.1875000000	1.2219816079
-12.0703125000	4.2099937261
-11.9531250000	4.6531364534
-11.8359375000	6.1755890514
-11.7187500000	1.2374064089
-11.6015625000	5.6690204386
-11.4843750000	7.7208019281
-11.3671875000	2.4147909999
-11.2500000000	2.6933213127
-11.1328125000	2.0497736007
-11.0156250000	5.4406908151
-10.8984375000	4.7921379833
-10.7812500000	7.5488290292
-10.6640625000	13.0997604762
-10.5468750000	9.5808199455
-10.4296875000	6.7889139905
-10.3125000000	16.7054218403
-10.1953125000	8.7119201274
-10.0781250000	7.3887121472
-9.9609375000	16.2013711685
-9.8437500000	17.9214265749
-9.7265625000	13.1967549832
-9.6093750000	23.4217199724
-9.4921875000	22.1831017452
-9.3750000000	19.2935083516
-9.2578125000	17.8298209753
-9.1406250000	24.1115571032
-9.0234375000	24.5380574504
-8.9062500000	24.9538447524
-8.7890625000	20.5532873676
-8.6718750000	30.6039277255
-8.5546875000	28.2550730950
-8.4375000000	28.0258357488
-8.3203125000	30.9838570698
-8.2031250000	42.6655234058
-8.0859375000	39.4673041908
-7.9687500000	34.2017496311
-7.8515625000	32.4239490743
-7.7343750000	35.1331438332
-7.6171875000	41.0251106444
-7.5000000000	40.1612890068
-7.3828125000	35.6372028754
-7.2656250000	45.6860209657
-7.1484375000	52.1952074290
-7.0312500000	38.6334777512
-6.9140625000	45.0749356932
-6.7968750000	41.5469540719
-6.6796875000	40.5730244385
-6.5625000000	45.0937847896
-6.4453125000	45.1523460605
-6.3281250000	48.7498952354
-6.2109375000	47.8910649832
-6.0937500000	43.0743015656
-5.9765625000	47.6701201702
-5.8593750000	51.9612583991
-5.7421875000	53.4407838783
-5.6250000000	47.6712692595
-5.5078125000	42.7443274401
-5.3906250000	46.6398656431
-5.2734375000	41.8764816376
-5.1562500000	42.5577657931
-5.0390625000	43.4009979165
-4.9218750000	38.0169554149
-4.8046875000	37.7574130538
-4.6875000000	39.4642102156
-4.5703125000	42.0985795291
-4.4531250000	44.3034855551
-4.3359375000	41.3053660869
-4.2187500000	44.7537416031
-4.1015625000	40.0843069566
-3.9843750000	40.5272638205
-3.8671875000	52.1970010804
-3.7500000000	42.6788258799
-3.6328125000	42.9230893873
-3.5156250000	47.8100161391
-3.3984375000	44.2597329326
-3.2812500000	44.8334468336
-3.1640625000	41.8578006006
-3.0468750000	41.9202923707
-2.9296875000	51.8082822254
-2.8125000000	46.1056072265
-2.6953125000	46.4193004110
-2.5781250000	43.8666737166
-2.4609375000	43.9496708240
-2.3437500000	47.7335392250
-2.2265625000	48.8390902090
-2.1093750000	51.8127870922
-1.9921875000	53.4840532768
-1.8750000000	46.6239228012
-1.7578125000	50.9964193458
-1.6406250000	56.1635933112
-1.5234375000	53.7067408281
-1.4062500000	53.8497859533
-1.2890625000	55.7468516109
-1.1718750000	55.8485834217
-1.0546875000	60.9516151300
-0.9375000000	59.9066978603
-0.8203125000	58.3398577310
-0.7031250000	65.7449246132
-0.5859375000	68.1580809470
-0.4687500000	64.8989080386
-0.3515625000	63.3854226860
-0.2343750000	72.0614199385
-0.1171875000	82.2638243764
0.0000000000	73.1341341744
0.1171875000	79.8880227574
0.2343750000	73.4144467550
0.3515625000	70.8566298963
0.4687500000	61.0986650758
0.5859375000	53.4764922668
0.7031250000	35.5180810547
0.8203125000	25.4338663218
0.9375000000	20.4417824495
1.0546875000	24.7250955812
1.1718750000	16.3489157435
1.2890625000	15.6382389189
1.4062500000	8.8514402579
1.5234375000	12.0378949504
1.6406250000	4.1534676079
1.7578125000	2.6940579735
1.8750000000	12.2364483166
1.9921875000	5.0734526655
2.1093750000	2.7204313138
2.2265625000	9.5125707051
2.3437500000	2.9118282447
2.4609375000	1.5657910485
2.5781250000	2.4804768822
2.6953125000	3.9329995519
2.8125000000	7.3446557279
2.9296875000	3.4925800720
3.0468750000	3.4918178282
3.1640625000	6.4878115900
3.2812500000	2.5907430179
3.3984375000	1.7039111325
3.5156250000	1.7702053129
3.6328125000	2.9548984472
3.7500000000	2.9115441161
3.8671875000	8.9151186492
3.9843750000	7.4518082586
4.1015625000	6.3284237596
4.2187500000	2.6445978008
4.3359375000	4.7800603878
4.4531250000	3.8852851039
4.5703125000	7.1353320589
4.6875000000	5.3702280203
4.8046875000	1.2988106789
4.9218750000	1.7825157588
5.0390625000	3.2895533021
5.1562500000	2.5134064047
5.2734375000	6.1243153097
5.3906250000	5.9186692653
5.5078125000	1.6110983527
5.6250000000	1.5981290344
5.7421875000	3.4145729195
5.8593750000	2.7640778171
5.9765625000	2.2258474375
6.0937500000	5.8505965523
6.2109375000	3.8676708838
6.3281250000	4.8445363373
6.4453125000	3.1868778933
6.5625000000	2.4581488483
6.6796875000	3.9350837713
6.7968750000	5.1517381336
6.9140625000	6.4039556704
7.0312500000	4.5136624431
7.1484375000	4.1611523809
7.2656250000	5.4619157841
7.3828125000	2.1565742684
7.5000000000	5.9622855620
7.6171875000	4.6305792705
7.7343750000	4.0445121215
7.8515625000	1.7969522274
7.9687500000	4.5697359404
8.0859375000	1.9819066597
8.2031250000	2.2351681131
8.3203125000	6.7926510693
8.4375000000	6.4788535585
8.5546875000	3.2226185128
8.6718750000	1.3918430569
8.7890625000	5.2222900126
8.9062500000	1.2222953082
9.0234375000	4.2409412476
9.1406250000	3.5358418204
9.2578125000	2.6288725452
9.3750000000	3.1330538988
9.4921875000	5.6732389665
9.6093750000	2.4940138683
9.7265625000	4.2864462334
9.8437500000	3.0388607546
9.9609375000	6.8545758970
10.0781250000	4.6420962089
10.1953125000	3.9133908001
10.3125000000	2.4873330988
10.4296875000	6.1171163112
10.5468750000	4.8368128490
10.6640625000	3.0064371458
10.7812500000	3.1092034343
10.8984375000	9.5778853434
11.0156250000	1.2016499298
11.1328125000	2.6666164459
11.2500000000	5.6681055652
11.3671875000	4.6242346235
11.4843750000	6.2501543161
11.6015625000	6.0625759434
11.7187500000	0.2312940517
11.8359375000	4.8849498347
11.9531250000	5.8025093904
12.0703125000	3.1967528801
12.1875000000	0.1987494349
12.3046875000	5.0178262510
12.4218750000	5.8959830699
12.5390625000	4.7169515608
12.6562500000	3.2851563024
12.7734375000	5.7158040156
12.8906250000	6.3617061093
13.0078125000	4.9795117924
13.1250000000	4.1602843062
13.2421875000	6.8753410914
13.3593750000	6.2669682487
13.4765625000	4.7667165736
13.5937500000	2.8811198108
13.7109375000	3.1015104268
13.8281250000	4.8723482946
13.9453125000	2.4673399298
14.0625000000	3.1264049988
14.1796875000	0.9693306186
14.2968750000	4.5405599437
14.4140625000	1.9077164359
14.5312500000	2.9861747774
14.6484375000	7.4132418043
14.7656250000	0.8392030356
14.8828125000	0.7668043208
15.0000000000	1.9711297185
15.1171875000	3.6512315952
15.2343750000	2.4893208426
15.3515625000	3.1885514417
15.4687500000	2.8120196458
15.5859375000	2.1207049731
15.7031250000	4.3164834921
15.8203125000	5.2680761067
15.9375000000	1.4186532503
16.0546875000	1.4727639206
16.1718750000	1.5032024846
16.2890625000	8.8809691769
16.4062500000	1.7031438411
16.5234375000	7.0281859054
16.6406250000	6.1241242541
16.7578125000	1.8923429329
16.8750000000	2.4478063094
16.9921875000	3.8651979548
17.1093750000	4.9849595396
17.2265625000	4.5822451705
17.3437500000	3.6018111260
17.4609375000	2.1610598427
17.5781250000	6.0810809534
17.6953125000	3.6030380912
17.8125000000	5.5757550371
17.9296875000	3.0840999043
18.0468750000	4.3303688569
18.1640625000	3.1503816602
18.2812500000	4.1937731768
18.3984375000	1.7651700796
18.5156250000	3.3924794331
18.6328125000	4.1441386155
18.7500000000	2.6691917315
18.8671875000	2.1800044272
18.9843750000	0.4302231172
19.1015625000	6.3869058588
19.2187500000	2.2630843400
19.3359375000	5.9786649370
19.4531250000	1.2365249267
19.5703125000	7.7552670427
19.6875000000	4.7084717834
19.8046875000	0.5479253561
19.9218750000	1.2509349686
20.0390625000	3.8876840735
20.1562500000	4.5235287014
20.2734375000	4.6210419821
20.3906250000	2.4702248896
20.5078125000	4.5542491391
20.6250000000	4.0140784983
20.7421875000	5.5458773178
20.8593750000	4.3138243228
20.9765625000	1.8676928811
21.0937500000	5.5135436256
21.2109375000	4.0894885082
21.3281250000	2.1060360840
21.4453125000	4.0692374948
21.5625000000	4.0361807941
21.6796875000	1.1618653607
21.7968750000	2.8178260126
21.9140625000	4.1249689522
22.0312500000	6.7567874781
22.1484375000	3.7076373746
22.2656250000	2.4760516713
22.3828125000	2.4367377225
22.5000000000	3.8585493792
22.6171875000	3.7906122073
22.7343750000	0.7968150857
22.8515625000	3.7953743836
22.9687500000	5.8753322706
23.0859375000	2.4485412007
23.2031250000	1.6751692690
23.3203125000	2.9990150671
23.4375000000	4.0593465879
23.5546875000	5.8476882225
23.6718750000	6.3094821456
23.7890625000	1.5616646226
23.9062500000	2.7837189928
24.0234375000	1.4747558106
24.1406250000	5.7085081757
24.2578125000	2.2501000260
24.3750000000	4.3198232341
24.4921875000	3.3226672461
24.6093750000	1.2196167522
24.7265625000	3.6823114767
24.8437500000	2.5595167033
24.9609375000	6.7611203997
25.0781250000	3.4493618102
25.1953125000	4.5535153556
25.3125000000	2.4547784513
25.4296875000	5.1132588480
25.5468750000	0.8824389079
25.6640625000	3.2826926035
25.7812500000	3.9031611364
25.8984375000	3.7909714476
26.0156250000	2.7194335817
26.1328125000	3.1192962504
26.2500000000	4.9171535589
26.3671875000	2.6183331366
26.4843750000	6.0850700374
26.6015625000	2.1101606377
26.7187500000	7.1048552530
26.8359375000	5.2148102429
26.9531250000	1.7467622104
27.0703125000	3.9506302293
27.1875000000	2.5638398757
27.3046875000	1.5231863549
27.4218750000	1.2585722872
27.5390625000	5.3417726552
27.6562500000	5.7038468275
27.7734375000	7.1073675499
27.8906250000	1.2225638480
28.0078125000	3.1971549565
28.1250000000	3.7791697230
28.2421875000	1.8565215817
28.3593750000	2.5328098536
28.4765625000	3.7386788444
28.5937500000	6.9323351296
28.7109375000	1.8128811254
28.8281250000	1.9763575908
28.9453125000	3.3043771469
29.0625000000	1.7018758797
29.1796875000	8.8348321211
29.2968750000	4.4398660903
29.4140625000	4.7421544085
29.5312500000	1.4764936203
29.6484375000	6.2338974564
29.7656250000	4.6930494675
29.8828125000	0.0000000000
