Δx [nm]	Δy [nm]	φ [Grad]	R [nm]	Δz [nm]
3028,35244141	0,00000000	0,00000000	3028,35244141	39,10038003
2913,76613281	16,36947266	-0,32188302	2913,81211411	-43,33142538
2995,61349609	16,36947266	-0,31308858	2995,65822110	-11,64821303
3011,98296875	-16,36947266	0,31138704	3012,02745068	27,18206788
2995,61349609	-16,36947266	0,31308858	2995,65822109	17,37220884
2897,39666016	0,00000000	0,00000000	2897,39666016	0,08592561
2930,13560547	0,00000000	0,00000000	2930,13560547	20,26144205
2979,24402344	49,10841797	-0,94435040	2979,64873566	70,99336238
3028,35244141	-16,36947266	0,30970390	3028,39668290	57,46603128
2913,76613281	0,00000000	0,00000000	2913,76613281	11,92779756
