Δx [nm]	Δy [nm]	φ [Grad]	R [nm]	Δz [nm]
3126,56927734	0,00000000	0,00000000	3126,56927734	10,34973662
3093,83033203	0,00000000	0,00000000	3093,83033203	20,58933562
3044,72191406	0,00000000	0,00000000	3044,72191406	15,46287542
3126,56927734	-16,36947266	0,29997516	3126,61212907	17,04736338
3028,35244141	-16,36947266	0,30970390	3028,39668290	-13,75443417
3077,46085937	0,00000000	0,00000000	3077,46085937	1,07573175
2995,61349609	0,00000000	0,00000000	2995,61349609	-4,65774510
2962,87455078	0,00000000	0,00000000	2962,87455078	-11,18251887
3011,98296875	0,00000000	0,00000000	3011,98296875	-0,90351760
3175,67769531	-32,73894531	0,59065721	3175,84644828	15,05077911
