Δx [nm]	Δy [nm]	φ [Grad]	R [nm]	Δz [nm]
3077,46085937	245,54208984	-4,56180799	3087,24088125	5,44129513
3110,19980469	294,65050781	-5,41186915	3124,12575721	20,70916424
3028,35244141	343,75892578	-6,47612454	3047,80063463	-0,64978329
3061,09138672	409,23681641	-7,61471194	3088,32563855	13,58413520
3061,09138672	392,86734375	-7,31348863	3086,19915554	11,36825324
3077,46085937	261,91156250	-4,86451444	3088,58592362	17,26358085
3093,83033203	212,80314453	-3,93478206	3101,14032280	18,21510733
3061,09138672	278,28103516	-5,19442891	3073,71449754	16,81216861
3093,83033203	294,65050781	-5,44033203	3107,82963580	9,89247263
3061,09138672	294,65050781	-5,49816272	3075,23973043	6,14049857
