Amplitude Error Setpoint: 0.25(V)
Drive Frequency(kHz), Amplitude Error(V), Phase(º)
287.21 -0.23297 117.26
287.22 -0.23254 119.18
287.22 -0.23193 119.16
287.23 -0.23175 120.04
287.24 -0.23102 120.34
287.24 -0.2308 121.59
287.25 -0.23053 118.79
287.25 -0.23087 120.82
287.26 -0.23007 122.08
287.26 -0.229 120.88
287.27 -0.22876 122.66
287.27 -0.22821 122.73
287.28 -0.22778 124.57
287.29 -0.2276 122.38
287.29 -0.22714 122.43
287.3 -0.22784 124.87
287.3 -0.22604 123.83
287.31 -0.22552 123.66
287.31 -0.22534 124.67
287.32 -0.22464 124.71
287.33 -0.22452 123.52
287.33 -0.22418 124.28
287.34 -0.22354 124.86
287.34 -0.22269 125.28
287.35 -0.22278 125.27
287.35 -0.22217 124.99
287.36 -0.22104 123.8
287.36 -0.22079 125.49
287.37 -0.22058 125.13
287.38 -0.22009 125.41
287.38 -0.21915 125.77
287.39 -0.2189 124.1
287.39 -0.21823 125.19
287.4 -0.21805 125.5
287.4 -0.21765 124.01
287.41 -0.21646 125.39
287.42 -0.21613 124.55
287.42 -0.2153 124.45
287.43 -0.21472 124.22
287.43 -0.21451 123.83
287.44 -0.21478 124.01
287.44 -0.21396 124.38
287.45 -0.21341 124.16
287.46 -0.21249 123.79
287.46 -0.21182 124.09
287.47 -0.21106 124.04
287.47 -0.21088 124.4
287.48 -0.21039 123.82
287.48 -0.20981 123.58
287.49 -0.20859 123.89
287.49 -0.20789 123.52
287.5 -0.20743 123.38
287.51 -0.20688 123.47
287.51 -0.20587 123.09
287.52 -0.20551 123.01
287.52 -0.2052 122.47
287.53 -0.20425 121.93
287.53 -0.20374 122.75
287.54 -0.20346 122.68
287.55 -0.2027 121.26
287.55 -0.20178 122.34
287.56 -0.20114 121.7
287.56 -0.20081 121.51
287.57 -0.19974 121.1
287.57 -0.19901 121.35
287.58 -0.19824 121.55
287.58 -0.19815 120.59
287.59 -0.19714 119.91
287.6 -0.19641 120.89
287.6 -0.1954 120.19
287.61 -0.19495 120.04
287.61 -0.19394 120.15
287.62 -0.19321 120.37
287.62 -0.19318 119.39
287.63 -0.19238 119.52
287.64 -0.19199 119.05
287.64 -0.19067 118.85
287.65 -0.19019 118.53
287.65 -0.18933 118.75
287.66 -0.18903 118.11
287.66 -0.18735 118.31
287.67 -0.18716 117.34
287.68 -0.18607 117.67
287.68 -0.1846 117.36
287.69 -0.18463 116.96
287.69 -0.18384 116.47
287.7 -0.18347 116.54
287.7 -0.18155 116.17
287.71 -0.18118 116.61
287.71 -0.18042 115.92
287.72 -0.17929 115.3
287.73 -0.17792 115.58
287.73 -0.17819 115.78
287.74 -0.17667 115.04
287.74 -0.17545 114.84
287.75 -0.17505 114.81
287.75 -0.17438 114.38
287.76 -0.17294 114.15
287.77 -0.17224 114.15
287.77 -0.17145 113.58
287.78 -0.17044 113.35
287.78 -0.16888 113.12
287.79 -0.16827 112.78
287.79 -0.16699 112.69
287.8 -0.16565 112.67
287.8 -0.16464 112.31
287.81 -0.16412 111.55
287.82 -0.16217 111.4
287.82 -0.16156 111.3
287.83 -0.16043 110.76
287.83 -0.15897 110.71
287.84 -0.15796 110.59
287.84 -0.1568 110.54
287.85 -0.15585 109.87
287.86 -0.15503 109.81
287.86 -0.15399 109.55
287.87 -0.15237 108.86
287.87 -0.15131 108.64
287.88 -0.14975 108.48
287.88 -0.14856 108.03
287.89 -0.14758 107.79
287.89 -0.14609 107.5
287.9 -0.14462 107.46
287.91 -0.14301 107.05
287.91 -0.14157 106.88
287.92 -0.14023 106.55
287.92 -0.13879 106.34
287.93 -0.13739 105.74
287.93 -0.13647 105.44
287.94 -0.13446 105.1
287.95 -0.13373 104.95
287.95 -0.13156 104.66
287.96 -0.13055 104.27
287.96 -0.12885 104.02
287.97 -0.12756 103.51
287.97 -0.12549 103
287.98 -0.12375 102.9
287.99 -0.12225 102.35
287.99 -0.12067 102.08
288 -0.11908 101.72
288 -0.11716 101.4
288.01 -0.11502 100.87
288.01 -0.11401 100.84
288.02 -0.11191 100.24
288.02 -0.1102 99.959
288.03 -0.10828 99.564
288.04 -0.10583 99.229
288.04 -0.10464 98.729
288.05 -0.10135 98.289
288.05 -0.099426 97.965
288.06 -0.097931 97.597
288.06 -0.095398 97.267
288.07 -0.093414 96.597
288.08 -0.091553 96.268
288.08 -0.089813 95.779
288.09 -0.087311 95.383
288.09 -0.085205 95.125
288.1 -0.082703 94.444
288.1 -0.081116 94.098
288.11 -0.077637 93.444
288.11 -0.076172 93.005
288.12 -0.072815 92.604
288.13 -0.071289 92.104
288.13 -0.068878 91.692
288.14 -0.065216 91.06
288.14 -0.063446 90.555
288.15 -0.061279 90.264
288.15 -0.058197 89.561
288.16 -0.055084 89.335
288.17 -0.051666 88.55
288.17 -0.049164 87.918
288.18 -0.046631 87.424
288.18 -0.042999 86.776
288.19 -0.04071 86.506
288.19 -0.037994 85.721
288.2 -0.034576 85.188
288.2 -0.031281 84.551
288.21 -0.02829 83.969
288.22 -0.025208 83.408
288.22 -0.021759 82.705
288.23 -0.019196 82.249
288.23 -0.015198 81.497
288.24 -0.011871 80.925
288.24 -0.0086365 80.195
288.25 -0.0051575 79.59
288.26 -0.0015564 78.871
288.26 0.0021362 78.173
288.27 0.0064087 77.542
288.27 0.0099792 76.783
288.28 0.013916 76.212
288.28 0.017639 75.317
288.29 0.020721 74.652
288.3 0.024933 73.894
288.3 0.029541 73.092
288.31 0.033386 72.4
288.31 0.03714 71.537
288.32 0.041382 70.774
288.32 0.046448 69.862
288.33 0.049927 69.159
288.33 0.054199 68.329
288.34 0.059448 67.374
288.35 0.063995 66.621
288.35 0.067932 65.742
288.36 0.072479 64.852
288.36 0.076355 63.814
288.37 0.081512 62.93
288.37 0.086517 62.007
288.38 0.090363 61.089
288.39 0.095062 60.134
288.39 0.10034 59.161
288.4 0.10535 58.151
288.4 0.10962 57.211
288.41 0.11426 56.102
288.41 0.11914 55.162
288.42 0.12415 54.042
288.42 0.12863 52.965
288.43 0.13312 51.899
288.44 0.13797 50.795
288.44 0.14233 49.724
288.45 0.14764 48.571
288.45 0.15268 47.45
288.46 0.15656 46.274
288.46 0.16122 45.011
288.47 0.16547 43.868
288.48 0.17056 42.682
288.48 0.1745 41.6
288.49 0.17935 40.298
288.49 0.18372 39.056
288.5 0.18695 37.864
288.5 0.19208 36.584
288.51 0.19513 35.272
288.52 0.20001 33.986
288.52 0.2041 32.789
288.53 0.20709 31.399
288.53 0.2103 30.135
288.54 0.21417 28.867
288.54 0.2178 27.51
288.55 0.2197 26.153
288.55 0.22336 24.84
288.56 0.22589 23.511
288.57 0.22928 22.203
288.57 0.23138 20.847
288.58 0.23343 19.523
288.58 0.23557 18.078
288.59 0.23795 16.793
288.59 0.24011 15.48
288.6 0.24136 14.134
288.61 0.24298 12.772
288.61 0.24445 11.349
288.62 0.24548 10.031
288.62 0.24609 8.6572
288.63 0.24658 7.3444
288.63 0.24731 6.1029
288.64 0.24716 4.7351
288.64 0.2478 3.4167
288.65 0.24762 2.1259
288.66 0.24747 0.81848
288.66 0.24768 -0.53284
288.67 0.24628 -1.8237
288.67 0.24557 -3.0652
288.68 0.24576 -4.3506
288.68 0.24417 -5.625
288.69 0.2431 -6.8555
288.7 0.24219 -8.0695
288.7 0.24072 -9.3164
288.71 0.23895 -10.475
288.71 0.23834 -11.744
288.72 0.23645 -12.892
288.72 0.23407 -14.101
288.73 0.23245 -15.276
288.73 0.23029 -16.348
288.74 0.22803 -17.529
288.75 0.22665 -18.594
288.75 0.22397 -19.72
288.76 0.22177 -20.808
288.76 0.21954 -21.929
288.77 0.21747 -23.055
288.77 0.21561 -24.038
288.78 0.2124 -25.082
288.79 0.21005 -26.147
288.79 0.20697 -27.125
288.8 0.20499 -28.141
288.8 0.20209 -29.108
288.81 0.19958 -30.157
288.81 0.19724 -31.157
288.82 0.1947 -32.124
288.83 0.19186 -33.058
288.83 0.18927 -33.898
288.84 0.18655 -34.843
288.84 0.18475 -35.711
288.85 0.18161 -36.733
288.85 0.17889 -37.606
288.86 0.17578 -38.469
288.86 0.17285 -39.32
288.87 0.17108 -40.21
288.88 0.16861 -41.105
288.88 0.1662 -41.907
288.89 0.16345 -42.72
288.89 0.16064 -43.369
288.9 0.15771 -44.324
288.9 0.15579 -45.209
288.91 0.15329 -45.961
288.92 0.15063 -46.719
288.92 0.14868 -47.527
288.93 0.14532 -48.214
288.93 0.14301 -48.999
288.94 0.14047 -49.708
288.94 0.13818 -50.493
288.95 0.13605 -51.268
288.95 0.13336 -52.048
288.96 0.1311 -52.723
288.97 0.12839 -53.366
288.97 0.12607 -54.185
288.98 0.12375 -54.772
288.98 0.12143 -55.629
288.99 0.11832 -56.14
288.99 0.11646 -56.898
289 0.11508 -57.596
289.01 0.11234 -58.288
289.01 0.11026 -58.925
289.02 0.10843 -59.595
289.02 0.10568 -60.189
289.03 0.10419 -60.771
289.03 0.10153 -61.534
289.04 0.10013 -62.221
289.05 0.097626 -62.853
289.05 0.096039 -63.545
289.06 0.093353 -64.028
289.06 0.090637 -64.578
289.07 0.089996 -65.259
289.07 0.088135 -65.858
289.08 0.085602 -66.423
289.08 0.08371 -67.094
289.09 0.082092 -67.714
289.1 0.079742 -68.329
289.1 0.077789 -68.868
289.11 0.076721 -69.45
289.11 0.074432 -70.038
289.12 0.072235 -70.648
289.12 0.071289 -71.219
289.13 0.069519 -71.658
289.14 0.067657 -72.296
289.14 0.065491 -72.955
289.15 0.063904 -73.471
289.15 0.06131 -74.075
289.16 0.060944 -74.608
289.16 0.059052 -75.163
289.17 0.057312 -75.646
289.17 0.056091 -76.251
289.18 0.054382 -76.745
289.19 0.052124 -77.316
289.19 0.051056 -77.772
289.2 0.049347 -78.475
289.2 0.048035 -78.926
289.21 0.046265 -79.448
289.21 0.045807 -79.953
289.22 0.042511 -80.436
289.23 0.041748 -80.991
289.23 0.040833 -81.42
289.24 0.038574 -81.953
289.24 0.037018 -82.65
289.25 0.036133 -82.98
289.25 0.034027 -83.524
289.26 0.033325 -84.21
289.26 0.031189 -84.501
289.27 0.029694 -85.155
289.28 0.028473 -85.507
289.28 0.026978 -86.034
289.29 0.025513 -86.589
289.29 0.024597 -87.006
289.3 0.023315 -87.49
289.3 0.021698 -88
289.31 0.020691 -88.391
289.32 0.019562 -88.951
289.32 0.018005 -89.5
289.33 0.016571 -90.049
289.33 0.01535 -90.297
289.34 0.014313 -90.906
289.34 0.012512 -91.34
289.35 0.011292 -91.763
289.36 0.0097656 -92.28
289.36 0.0088806 -92.626
289.37 0.0073242 -93.131
289.37 0.0060425 -93.664
289.38 0.0052795 -94.153
289.38 0.00354 -94.636
289.39 0.0028687 -95.043
289.39 0.0014648 -95.499
289.4 0.00094604 -96.015
289.41 -0.00012207 -96.411
289.41 -0.0013733 -97.02
289.42 -0.0027466 -97.289
289.42 -0.0045776 -97.57
289.43 -0.0056152 -98.047
289.43 -0.0062866 -98.701
289.44 -0.0066223 -99.179
289.45 -0.0080872 -99.399
289.45 -0.0092163 -99.877
289.46 -0.01004 -100.4
289.46 -0.011292 -100.9
289.47 -0.011658 -101.09
289.47 -0.01358 -101.6
289.48 -0.014832 -102.15
289.48 -0.015076 -102.6
289.49 -0.01651 -102.99
289.5 -0.016754 -103.36
289.5 -0.018097 -103.71
289.51 -0.019348 -104.32
289.51 -0.020203 -104.61
289.52 -0.021698 -105.19
289.52 -0.022552 -105.52
289.53 -0.023193 -106.02
289.54 -0.024353 -106.28
289.54 -0.025299 -106.75
289.55 -0.02655 -107.25
289.55 -0.026917 -107.81
289.56 -0.02832 -108.07
289.56 -0.028503 -108.46
289.57 -0.029572 -108.96
289.57 -0.030487 -109.25
289.58 -0.031342 -109.75
289.59 -0.032684 -110.04
289.59 -0.033478 -110.54
289.6 -0.033936 -110.86
289.6 -0.035522 -111.43
289.61 -0.03537 -111.62
289.61 -0.036804 -111.95
289.62 -0.037842 -112.55
289.63 -0.038025 -113.04
289.63 -0.039459 -113.49
289.64 -0.040222 -113.87
289.64 -0.041016 -114.28
289.65 -0.041687 -114.46
289.65 -0.04187 -115.01
289.66 -0.042999 -115.48
289.67 -0.044342 -115.78
289.67 -0.044586 -116.14
289.68 -0.045624 -116.64
289.68 -0.046326 -116.98
289.69 -0.047272 -117.33
289.69 -0.047882 -117.88
289.7 -0.048767 -118.2
289.7 -0.049133 -118.6
289.71 -0.05072 -119.1
289.72 -0.050171 -119.46
289.72 -0.051697 -119.79
289.73 -0.051575 -120.28
289.73 -0.05249 -120.7
289.74 -0.053833 -121.03
289.74 -0.054382 -121.61
289.75 -0.055054 -121.72
289.76 -0.055695 -122.24
289.76 -0.056152 -122.55
289.77 -0.05722 -123
289.77 -0.057648 -123.45
289.78 -0.058685 -123.79
289.78 -0.059296 -124.21
289.79 -0.059875 -124.82
289.79 -0.060425 -124.96
289.8 -0.061218 -125.44
289.81 -0.06189 -125.92
289.81 -0.062683 -126.29
289.82 -0.063904 -126.61
289.82 -0.063782 -127.12
289.83 -0.065247 -127.46
289.83 -0.065491 -127.78
289.84 -0.065796 -128.23
289.85 -0.067169 -128.55
289.85 -0.067078 -129.2
289.86 -0.068176 -129.48
289.86 -0.068695 -129.67
289.87 -0.06958 -130.14
289.87 -0.070831 -130.52
289.88 -0.070709 -131.01
289.89 -0.071198 -131.26
289.89 -0.072235 -131.72
289.9 -0.07312 -132.15
289.9 -0.072998 -132.45
289.91 -0.074219 -132.97
289.91 -0.074493 -133.34
289.92 -0.075653 -133.57
289.92 -0.076141 -133.91
289.93 -0.076355 -134.51
289.94 -0.077454 -134.76
289.94 -0.077484 -135.4
289.95 -0.078461 -135.88
289.95 -0.078949 -136.21
289.96 -0.079773 -136.61
289.96 -0.08075 -137.01
289.97 -0.081329 -137.37
289.98 -0.080994 -137.74
289.98 -0.08252 -137.98
289.99 -0.08316 -138.33
289.99 -0.083527 -138.82
290 -0.08374 -139.28
290 -0.085205 -139.72
290.01 -0.085358 -140.13
290.01 -0.086182 -140.57
290.02 -0.087097 -140.69
290.03 -0.087433 -141.15
290.03 -0.08783 -141.65
290.04 -0.088654 -142.09
290.04 -0.088806 -142.43
290.05 -0.090027 -142.64
290.05 -0.090363 -143.06
290.06 -0.090485 -143.52
290.07 -0.091553 -143.89
290.07 -0.092346 -144.34
290.08 -0.093201 -144.45
290.08 -0.093384 -145.03
290.09 -0.094238 -145.37
290.09 -0.09436 -145.77
