0	-12150592.000000000	
1	-12139455.000000000	
2	-12196704.000000000	
3	-12211726.000000000	
4	-12308606.000000000	
5	-12392971.000000000	
6	-12484089.000000000	
7	-12580605.000000000	
8	-12679948.000000000	
9	-12762762.000000000	
10	-12882049.000000000	
11	-12960863.000000000	
12	-13056198.000000000	
13	-13146223.000000000	
14	-13259547.000000000	
15	-13364471.000000000	
16	-13432926.000000000	
17	-13486411.000000000	
18	-13531117.000000000	
19	-13562618.000000000	
20	-13584443.000000000	
21	-13605451.000000000	
22	-13633347.000000000	
23	-13656433.000000000	
24	-13689024.000000000	
25	-13718032.000000000	
26	-13752562.000000000	
27	-13770955.000000000	
28	-13777081.000000000	
29	-13778657.000000000	
30	-13771486.000000000	
31	-13739158.000000000	
32	-13702450.000000000	
33	-13656890.000000000	
34	-13614395.000000000	
35	-13554428.000000000	
36	-13495763.000000000	
37	-13445650.000000000	
38	-13400120.000000000	
39	-13359155.000000000	
40	-13326952.000000000	
41	-13287169.000000000	
42	-13251261.000000000	
43	-13201153.000000000	
44	-13139130.000000000	
45	-13054140.000000000	
46	-12973506.000000000	
47	-12879754.000000000	
48	-12788916.000000000	
49	-12691938.000000000	
50	-12577820.000000000	
51	-12445929.000000000	
52	-12318294.000000000	
53	-12199305.000000000	
54	-12079697.000000000	
55	-11974299.000000000	
56	-11862376.000000000	
57	-11765868.000000000	
58	-11687673.000000000	
59	-11637998.000000000	
60	-11604402.000000000	
61	-11578931.000000000	
62	-11561543.000000000	
63	-11566275.000000000	
64	-11574086.000000000	
65	-11601341.000000000	
66	-11630497.000000000	
67	-11661157.000000000	
68	-11701218.000000000	
69	-11741266.000000000	
70	-11781844.000000000	
71	-11829014.000000000	
72	-11888753.000000000	
73	-11960107.000000000	
74	-12021350.000000000	
75	-12071534.000000000	
76	-12137634.000000000	
77	-12195689.000000000	
78	-12276383.000000000	
79	-12365352.000000000	
80	-12462768.000000000	
81	-12550400.000000000	
82	-12636728.000000000	
83	-12720878.000000000	
84	-12806513.000000000	
85	-12892148.000000000	
86	-12976185.000000000	
87	-13055232.000000000	
88	-13135853.000000000	
89	-13209393.000000000	
90	-13277565.000000000	
91	-13350230.000000000	
92	-13411027.000000000	
93	-13461953.000000000	
94	-13510135.000000000	
95	-13552241.000000000	
96	-13594793.000000000	
97	-13622188.000000000	
98	-13652657.000000000	
99	-13677359.000000000	
100	-13709759.000000000	
101	-13729478.000000000	
102	-13759733.000000000	
103	-13782663.000000000	
104	-13800837.000000000	
105	-13791557.000000000	
106	-13768502.000000000	
107	-13730670.000000000	
108	-13685085.000000000	
109	-13614812.000000000	
110	-13537954.000000000	
111	-13454259.000000000	
112	-13355361.000000000	
113	-13254573.000000000	
114	-13160055.000000000	
115	-13067177.000000000	
116	-13004189.000000000	
117	-12949808.000000000	
118	-12895402.000000000	
119	-12830054.000000000	
120	-12790188.000000000	
121	-12732003.000000000	
122	-12661420.000000000	
123	-12579856.000000000	
124	-12481685.000000000	
125	-12362194.000000000	
126	-12225409.000000000	
127	-12072808.000000000	
128	-11933079.000000000	
129	-11767731.000000000	
130	-11616317.000000000	
131	-11473584.000000000	
132	-11343594.000000000	
133	-11226140.000000000	
134	-11141463.000000000	
135	-11077147.000000000	
136	-11019626.000000000	
137	-10984805.000000000	
138	-10961253.000000000	
139	-10981973.000000000	
140	-11012554.000000000	
141	-11060869.000000000	
142	-11113106.000000000	
143	-11190485.000000000	
144	-11251533.000000000	
145	-11326747.000000000	
146	-11402646.000000000	
147	-11465564.000000000	
148	-11537391.000000000	
149	-11611124.000000000	
150	-11685166.000000000	
151	-11771567.000000000	
152	-11865024.000000000	
153	-11933044.000000000	
154	-12021845.000000000	
155	-12106335.000000000	
156	-12209648.000000000	
157	-12313162.000000000	
158	-12406980.000000000	
159	-12503091.000000000	
160	-12592614.000000000	
161	-12684077.000000000	
162	-12769510.000000000	
163	-12860632.000000000	
164	-12977701.000000000	
165	-13071300.000000000	
166	-13152126.000000000	
167	-13248168.000000000	
168	-13321982.000000000	
169	-13390717.000000000	
170	-13462801.000000000	
171	-13531479.000000000	
172	-13603645.000000000	
173	-13670174.000000000	
174	-13716709.000000000	
175	-13751319.000000000	
176	-13778796.000000000	
177	-13802680.000000000	
178	-13820294.000000000	
179	-13840598.000000000	
180	-13848669.000000000	
181	-13859854.000000000	
182	-13862786.000000000	
183	-13870331.000000000	
184	-13864118.000000000	
185	-13840727.000000000	
186	-13801613.000000000	
187	-13750688.000000000	
188	-13681770.000000000	
189	-13602607.000000000	
190	-13511485.000000000	
191	-13412416.000000000	
192	-13295380.000000000	
193	-13186256.000000000	
194	-13067457.000000000	
195	-12957057.000000000	
196	-12837579.000000000	
197	-12732723.000000000	
198	-12616352.000000000	
199	-12512562.000000000	
200	-12393632.000000000	
201	-12282538.000000000	
202	-12160164.000000000	
203	-12043720.000000000	
204	-11912271.000000000	
205	-11780632.000000000	
206	-11619627.000000000	
207	-11466986.000000000	
208	-11305822.000000000	
209	-11153354.000000000	
210	-10976214.000000000	
211	-10819539.000000000	
212	-10655733.000000000	
213	-10488185.000000000	
214	-10343544.000000000	
215	-10202703.000000000	
216	-10105757.000000000	
217	-10041198.000000000	
218	-10012250.000000000	
219	-10028953.000000000	
220	-10061259.000000000	
221	-10115336.000000000	
222	-10181640.000000000	
223	-10234381.000000000	
224	-10315086.000000000	
225	-10376183.000000000	
226	-10447450.000000000	
227	-10494438.000000000	
228	-10556519.000000000	
229	-10612721.000000000	
230	-10662127.000000000	
231	-10712434.000000000	
232	-10778733.000000000	
233	-10848995.000000000	
234	-10894753.000000000	
235	-10940204.000000000	
236	-10974918.000000000	
237	-11006980.000000000	
238	-11056503.000000000	
239	-11107983.000000000	
240	-11182561.000000000	
241	-11255491.000000000	
242	-11352956.000000000	
243	-11451795.000000000	
244	-11547330.000000000	
245	-11659366.000000000	
246	-11768238.000000000	
247	-11877881.000000000	
248	-11995704.000000000	
249	-12095972.000000000	
250	-12187568.000000000	
251	-12277365.000000000	
252	-12364993.000000000	
253	-12436807.000000000	
254	-12513167.000000000	
255	-12576841.000000000	
256	-12627606.000000000	
257	-12680844.000000000	
258	-12727564.000000000	
259	-12778373.000000000	
260	-12812038.000000000	
261	-12851010.000000000	
262	-12891590.000000000	
263	-12932469.000000000	
264	-12957939.000000000	
265	-12967788.000000000	
266	-12957111.000000000	
267	-12925297.000000000	
268	-12862720.000000000	
269	-12775929.000000000	
270	-12661881.000000000	
271	-12524138.000000000	
272	-12356637.000000000	
273	-12195938.000000000	
274	-12018637.000000000	
275	-11856929.000000000	
276	-11689426.000000000	
277	-11538703.000000000	
278	-11395990.000000000	
279	-11268580.000000000	
280	-11139098.000000000	
281	-11003847.000000000	
282	-10889406.000000000	
283	-10744333.000000000	
284	-10598148.000000000	
285	-10421630.000000000	
286	-10225417.000000000	
287	-10013839.000000000	
288	-9801214.000000000	
289	-9591241.000000000	
290	-9388888.000000000	
291	-9205327.000000000	
292	-9010882.000000000	
293	-8848123.000000000	
294	-8694584.000000000	
295	-8561281.000000000	
296	-8466550.000000000	
297	-8375372.500000000	
298	-8309070.000000000	
299	-8277658.000000000	
300	-8251544.000000000	
301	-8231893.500000000	
302	-8242856.500000000	
303	-8265759.500000000	
304	-8290464.000000000	
305	-8318805.500000000	
306	-8357517.000000000	
307	-8410558.000000000	
308	-8455606.000000000	
309	-8504070.000000000	
310	-8555353.000000000	
311	-8622028.000000000	
312	-8681357.000000000	
313	-8753793.000000000	
314	-8829658.000000000	
315	-8928029.000000000	
316	-9033172.000000000	
317	-9155623.000000000	
318	-9282608.000000000	
319	-9420071.000000000	
320	-9552332.000000000	
321	-9690965.000000000	
322	-9831058.000000000	
323	-9973627.000000000	
324	-10118637.000000000	
325	-10271738.000000000	
326	-10428941.000000000	
327	-10591955.000000000	
328	-10737641.000000000	
329	-10893450.000000000	
330	-11043806.000000000	
331	-11206377.000000000	
332	-11340169.000000000	
333	-11474512.000000000	
334	-11604508.000000000	
335	-11718814.000000000	
336	-11806370.000000000	
337	-11887077.000000000	
338	-11975330.000000000	
339	-12042410.000000000	
340	-12106674.000000000	
341	-12168636.000000000	
342	-12236221.000000000	
343	-12281085.000000000	
344	-12321265.000000000	
345	-12344107.000000000	
346	-12335091.000000000	
347	-12289022.000000000	
348	-12212098.000000000	
349	-12105803.000000000	
350	-11985346.000000000	
351	-11842489.000000000	
352	-11687397.000000000	
353	-11502552.000000000	
354	-11308713.000000000	
355	-11108716.000000000	
356	-10946901.000000000	
357	-10774098.000000000	
358	-10619288.000000000	
359	-10489944.000000000	
360	-10353506.000000000	
361	-10224310.000000000	
362	-10095409.000000000	
363	-9952720.000000000	
364	-9804068.000000000	
365	-9654564.000000000	
366	-9465428.000000000	
367	-9274894.000000000	
368	-9076172.000000000	
369	-8863595.000000000	
370	-8643758.000000000	
371	-8433364.000000000	
372	-8220167.500000000	
373	-8037215.000000000	
374	-7878118.500000000	
375	-7752880.000000000	
376	-7654640.000000000	
377	-7582185.500000000	
378	-7540976.000000000	
379	-7521580.500000000	
380	-7540140.500000000	
381	-7581634.000000000	
382	-7648848.000000000	
383	-7733600.500000000	
384	-7824687.000000000	
385	-7917601.000000000	
386	-7998281.500000000	
387	-8083104.500000000	
388	-8152607.000000000	
389	-8245061.500000000	
390	-8344017.500000000	
391	-8440390.000000000	
392	-8540301.000000000	
393	-8637825.000000000	
394	-8754817.000000000	
395	-8869699.000000000	
396	-8994873.000000000	
397	-9123825.000000000	
398	-9252858.000000000	
399	-9386622.000000000	
400	-9549050.000000000	
401	-9705864.000000000	
402	-9888417.000000000	
403	-10063245.000000000	
404	-10234056.000000000	
405	-10411677.000000000	
406	-10588264.000000000	
407	-10759282.000000000	
408	-10934061.000000000	
409	-11090970.000000000	
410	-11250125.000000000	
411	-11382216.000000000	
412	-11518802.000000000	
413	-11650599.000000000	
414	-11768364.000000000	
415	-11887410.000000000	
416	-11996209.000000000	
417	-12097850.000000000	
418	-12177540.000000000	
419	-12248644.000000000	
420	-12329205.000000000	
421	-12392438.000000000	
422	-12441341.000000000	
423	-12485424.000000000	
424	-12529522.000000000	
425	-12550720.000000000	
426	-12568205.000000000	
427	-12570491.000000000	
428	-12548160.000000000	
429	-12498823.000000000	
430	-12422209.000000000	
431	-12306363.000000000	
432	-12179698.000000000	
433	-12022684.000000000	
434	-11835674.000000000	
435	-11650642.000000000	
436	-11442250.000000000	
437	-11235549.000000000	
438	-11038869.000000000	
439	-10852151.000000000	
440	-10708903.000000000	
441	-10561952.000000000	
442	-10424987.000000000	
443	-10308694.000000000	
444	-10186723.000000000	
445	-10066018.000000000	
446	-9910420.000000000	
447	-9757908.000000000	
448	-9576459.000000000	
449	-9398685.000000000	
450	-9195053.000000000	
451	-8972838.000000000	
452	-8740823.000000000	
453	-8507227.000000000	
454	-8294357.500000000	
455	-8085398.500000000	
456	-7891525.500000000	
457	-7725851.500000000	
458	-7598957.500000000	
459	-7510705.500000000	
460	-7452034.500000000	
461	-7425386.500000000	
462	-7421236.500000000	
463	-7454170.000000000	
464	-7522790.000000000	
465	-7617325.500000000	
466	-7706750.500000000	
467	-7801160.000000000	
468	-7901690.500000000	
469	-8007374.000000000	
470	-8089033.000000000	
471	-8183317.000000000	
472	-8259999.000000000	
473	-8346255.500000000	
474	-8423178.000000000	
475	-8530883.000000000	
476	-8618643.000000000	
477	-8713859.000000000	
478	-8813649.000000000	
479	-8917066.000000000	
480	-9026695.000000000	
481	-9155581.000000000	
482	-9283473.000000000	
483	-9433673.000000000	
484	-9587141.000000000	
485	-9746498.000000000	
486	-9904708.000000000	
487	-10073757.000000000	
488	-10252168.000000000	
489	-10433292.000000000	
490	-10620949.000000000	
491	-10789803.000000000	
492	-10965846.000000000	
493	-11126852.000000000	
494	-11290443.000000000	
495	-11441486.000000000	
496	-11583753.000000000	
497	-11727045.000000000	
498	-11837003.000000000	
499	-11942540.000000000	
500	-12015071.000000000	
501	-12096474.000000000	
502	-12183477.000000000	
503	-12267844.000000000	
504	-12334262.000000000	
505	-12385572.000000000	
506	-12447461.000000000	
507	-12492903.000000000	
508	-12529143.000000000	
509	-12549697.000000000	
510	-12562038.000000000	
511	-12552043.000000000	
512	-12518393.000000000	
513	-12470041.000000000	
514	-12387517.000000000	
515	-12274953.000000000	
516	-12123501.000000000	
517	-11953753.000000000	
518	-11751692.000000000	
519	-11518283.000000000	
520	-11303184.000000000	
521	-11098134.000000000	
522	-10878606.000000000	
523	-10687935.000000000	
524	-10520380.000000000	
525	-10360630.000000000	
526	-10229253.000000000	
527	-10095638.000000000	
528	-9958288.000000000	
529	-9842844.000000000	
530	-9713607.000000000	
531	-9605257.000000000	
532	-9465759.000000000	
533	-9312653.000000000	
534	-9145119.000000000	
535	-8959844.000000000	
536	-8763871.000000000	
537	-8545418.000000000	
538	-8343672.500000000	
539	-8131898.000000000	
540	-7937445.000000000	
541	-7775283.000000000	
542	-7612606.000000000	
543	-7492086.500000000	
544	-7392646.000000000	
545	-7345421.000000000	
546	-7321865.000000000	
547	-7333899.500000000	
548	-7370967.500000000	
549	-7434397.500000000	
550	-7507411.500000000	
551	-7590214.500000000	
552	-7690508.000000000	
553	-7802820.000000000	
554	-7913480.500000000	
555	-8024834.000000000	
556	-8140811.000000000	
557	-8247196.000000000	
558	-8333415.000000000	
559	-8423181.000000000	
560	-8517371.000000000	
561	-8608649.000000000	
562	-8706745.000000000	
563	-8804048.000000000	
564	-8910493.000000000	
565	-9009163.000000000	
566	-9122631.000000000	
567	-9250893.000000000	
568	-9416130.000000000	
569	-9577551.000000000	
570	-9740754.000000000	
571	-9917711.000000000	
572	-10084761.000000000	
573	-10249939.000000000	
574	-10430284.000000000	
575	-10590057.000000000	
576	-10756714.000000000	
577	-10917933.000000000	
578	-11083393.000000000	
579	-11247269.000000000	
580	-11395803.000000000	
581	-11535204.000000000	
582	-11654316.000000000	
583	-11787227.000000000	
584	-11889706.000000000	
585	-11994000.000000000	
586	-12088746.000000000	
587	-12175848.000000000	
588	-12230262.000000000	
589	-12302209.000000000	
590	-12359909.000000000	
591	-12400411.000000000	
592	-12448158.000000000	
593	-12484282.000000000	
594	-12504845.000000000	
595	-12532277.000000000	
596	-12533232.000000000	
597	-12542583.000000000	
598	-12505984.000000000	
599	-12467380.000000000	
600	-12393076.000000000	
601	-12295409.000000000	
602	-12160512.000000000	
603	-11993981.000000000	
604	-11795843.000000000	
605	-11586948.000000000	
606	-11367261.000000000	
607	-11134207.000000000	
608	-10903489.000000000	
609	-10685317.000000000	
610	-10480528.000000000	
611	-10298711.000000000	
612	-10132679.000000000	
613	-10006033.000000000	
614	-9888784.000000000	
615	-9780813.000000000	
616	-9678976.000000000	
617	-9571985.000000000	
618	-9457235.000000000	
619	-9335331.000000000	
620	-9186835.000000000	
621	-9007346.000000000	
622	-8816311.000000000	
623	-8620821.000000000	
624	-8398749.000000000	
625	-8174040.500000000	
626	-7967831.500000000	
627	-7756753.500000000	
628	-7563580.000000000	
629	-7393646.500000000	
630	-7258802.000000000	
631	-7177066.000000000	
632	-7133080.000000000	
633	-7139488.000000000	
634	-7179440.500000000	
635	-7252977.000000000	
636	-7332407.500000000	
637	-7437047.500000000	
638	-7532618.500000000	
639	-7646536.000000000	
640	-7776264.500000000	
641	-7902654.500000000	
642	-8012976.000000000	
643	-8117948.500000000	
644	-8214412.500000000	
645	-8313101.000000000	
646	-8408354.000000000	
647	-8499286.000000000	
648	-8575421.000000000	
649	-8666762.000000000	
650	-8753811.000000000	
651	-8836635.000000000	
652	-8926858.000000000	
653	-9030798.000000000	
654	-9154073.000000000	
655	-9286366.000000000	
656	-9438610.000000000	
657	-9585360.000000000	
658	-9754771.000000000	
659	-9924427.000000000	
660	-10089483.000000000	
661	-10266185.000000000	
662	-10428116.000000000	
663	-10597781.000000000	
664	-10762596.000000000	
665	-10938767.000000000	
666	-11107097.000000000	
667	-11276197.000000000	
668	-11437342.000000000	
669	-11593059.000000000	
670	-11732317.000000000	
671	-11863906.000000000	
672	-11980203.000000000	
673	-12086009.000000000	
674	-12163373.000000000	
675	-12231942.000000000	
676	-12308219.000000000	
677	-12363272.000000000	
678	-12426410.000000000	
679	-12476656.000000000	
680	-12521736.000000000	
681	-12553205.000000000	
682	-12577059.000000000	
683	-12592095.000000000	
684	-12603795.000000000	
685	-12603744.000000000	
686	-12590251.000000000	
687	-12556454.000000000	
688	-12495607.000000000	
689	-12421179.000000000	
690	-12318968.000000000	
691	-12187938.000000000	
692	-12039256.000000000	
693	-11856493.000000000	
694	-11653711.000000000	
695	-11433549.000000000	
696	-11203515.000000000	
697	-10968613.000000000	
698	-10729139.000000000	
699	-10517654.000000000	
700	-10308702.000000000	
701	-10140945.000000000	
702	-9996876.000000000	
703	-9873545.000000000	
704	-9754566.000000000	
705	-9665034.000000000	
706	-9569223.000000000	
707	-9478857.000000000	
708	-9362051.000000000	
709	-9243893.000000000	
710	-9094427.000000000	
711	-8938965.000000000	
712	-8755295.000000000	
713	-8563683.000000000	
714	-8344151.500000000	
715	-8118171.000000000	
716	-7911944.000000000	
717	-7718859.500000000	
718	-7541568.000000000	
719	-7392064.000000000	
720	-7263488.000000000	
721	-7179901.000000000	
722	-7138633.000000000	
723	-7146482.500000000	
724	-7196771.000000000	
725	-7281085.500000000	
726	-7382199.500000000	
727	-7505338.000000000	
728	-7635075.500000000	
729	-7762375.500000000	
730	-7890051.000000000	
731	-8013814.000000000	
732	-8148092.000000000	
733	-8276305.000000000	
734	-8366552.500000000	
735	-8440784.000000000	
736	-8533446.000000000	
737	-8600170.000000000	
738	-8682595.000000000	
739	-8746800.000000000	
740	-8822404.000000000	
741	-8903500.000000000	
742	-8988484.000000000	
743	-9097990.000000000	
744	-9218431.000000000	
745	-9334713.000000000	
746	-9465488.000000000	
747	-9605065.000000000	
748	-9769412.000000000	
749	-9927040.000000000	
750	-10105387.000000000	
751	-10271276.000000000	
752	-10435204.000000000	
753	-10602129.000000000	
754	-10770723.000000000	
755	-10942384.000000000	
756	-11116567.000000000	
757	-11271693.000000000	
758	-11443855.000000000	
759	-11593030.000000000	
760	-11741200.000000000	
761	-11873666.000000000	
762	-11996720.000000000	
763	-12109781.000000000	
764	-12203634.000000000	
765	-12278373.000000000	
766	-12355438.000000000	
767	-12422247.000000000	
768	-12484154.000000000	
769	-12521079.000000000	
770	-12561352.000000000	
771	-12600905.000000000	
772	-12622503.000000000	
773	-12651551.000000000	
774	-12680599.000000000	
775	-12700632.000000000	
776	-12701159.000000000	
777	-12690405.000000000	
778	-12664798.000000000	
779	-12624665.000000000	
780	-12564145.000000000	
781	-12484732.000000000	
782	-12374658.000000000	
783	-12245500.000000000	
784	-12089972.000000000	
785	-11909286.000000000	
786	-11698339.000000000	
787	-11478567.000000000	
788	-11240980.000000000	
789	-11014302.000000000	
790	-10766877.000000000	
791	-10550612.000000000	
792	-10344646.000000000	
793	-10163010.000000000	
794	-10000624.000000000	
795	-9867511.000000000	
796	-9761417.000000000	
797	-9666384.000000000	
798	-9582380.000000000	
799	-9505968.000000000	
800	-9417445.000000000	
801	-9343787.000000000	
802	-9235937.000000000	
803	-9109020.000000000	
804	-8961492.000000000	
805	-8801184.000000000	
806	-8624814.000000000	
807	-8414635.000000000	
808	-8192336.000000000	
809	-7979926.500000000	
810	-7791328.000000000	
811	-7635336.500000000	
812	-7496046.500000000	
813	-7395948.000000000	
814	-7330852.000000000	
815	-7320666.000000000	
816	-7347640.500000000	
817	-7411021.500000000	
818	-7495001.000000000	
819	-7595142.500000000	
820	-7723891.500000000	
821	-7870575.500000000	
822	-8018705.000000000	
823	-8171929.000000000	
824	-8319314.000000000	
825	-8465667.000000000	
826	-8596509.000000000	
827	-8697747.000000000	
828	-8769491.000000000	
829	-8833754.000000000	
830	-8877121.000000000	
831	-8925754.000000000	
832	-8976458.000000000	
833	-9042199.000000000	
834	-9106585.000000000	
835	-9175521.000000000	
836	-9257040.000000000	
837	-9345294.000000000	
838	-9456795.000000000	
839	-9579600.000000000	
840	-9699472.000000000	
841	-9840070.000000000	
842	-9998952.000000000	
843	-10161822.000000000	
844	-10342690.000000000	
845	-10534107.000000000	
846	-10703335.000000000	
847	-10875416.000000000	
848	-11035406.000000000	
849	-11199007.000000000	
850	-11364652.000000000	
851	-11512996.000000000	
852	-11652403.000000000	
853	-11786355.000000000	
854	-11928249.000000000	
855	-12066095.000000000	
856	-12177060.000000000	
857	-12287566.000000000	
858	-12388887.000000000	
859	-12469921.000000000	
860	-12544682.000000000	
861	-12605939.000000000	
862	-12658744.000000000	
863	-12694778.000000000	
864	-12725818.000000000	
865	-12757373.000000000	
866	-12783333.000000000	
867	-12815660.000000000	
868	-12844526.000000000	
869	-12856437.000000000	
870	-12863985.000000000	
871	-12862458.000000000	
872	-12844595.000000000	
873	-12809816.000000000	
874	-12758997.000000000	
875	-12698700.000000000	
876	-12601995.000000000	
877	-12502794.000000000	
878	-12370901.000000000	
879	-12213803.000000000	
880	-12039483.000000000	
881	-11828204.000000000	
882	-11607594.000000000	
883	-11376305.000000000	
884	-11138670.000000000	
885	-10910508.000000000	
886	-10658911.000000000	
887	-10441197.000000000	
888	-10247104.000000000	
889	-10094801.000000000	
890	-9972312.000000000	
891	-9861278.000000000	
892	-9770544.000000000	
893	-9688488.000000000	
894	-9626407.000000000	
895	-9565667.000000000	
896	-9501340.000000000	
897	-9428826.000000000	
898	-9338010.000000000	
899	-9212877.000000000	
900	-9067716.000000000	
901	-8890643.000000000	
902	-8701979.000000000	
903	-8500940.000000000	
904	-8307658.000000000	
905	-8104826.500000000	
906	-7908719.500000000	
907	-7758886.500000000	
908	-7630830.000000000	
909	-7510053.500000000	
910	-7440737.500000000	
911	-7414059.500000000	
912	-7430008.500000000	
913	-7493959.500000000	
914	-7589060.500000000	
915	-7711392.500000000	
916	-7853494.000000000	
917	-7993842.000000000	
918	-8132253.000000000	
919	-8274069.500000000	
920	-8438370.000000000	
921	-8581527.000000000	
922	-8718952.000000000	
923	-8828438.000000000	
924	-8906711.000000000	
925	-8981381.000000000	
926	-9037814.000000000	
927	-9093595.000000000	
928	-9130849.000000000	
929	-9185447.000000000	
930	-9232142.000000000	
931	-9287721.000000000	
932	-9342267.000000000	
933	-9424656.000000000	
934	-9500319.000000000	
935	-9602310.000000000	
936	-9720981.000000000	
937	-9857055.000000000	
938	-10006693.000000000	
939	-10165735.000000000	
940	-10331269.000000000	
941	-10499965.000000000	
942	-10673086.000000000	
943	-10831803.000000000	
944	-10993356.000000000	
945	-11161885.000000000	
946	-11331252.000000000	
947	-11484917.000000000	
948	-11632445.000000000	
949	-11771198.000000000	
950	-11921903.000000000	
951	-12051943.000000000	
952	-12175013.000000000	
953	-12289949.000000000	
954	-12395505.000000000	
955	-12488108.000000000	
956	-12574004.000000000	
957	-12644273.000000000	
958	-12714284.000000000	
959	-12761871.000000000	
960	-12811002.000000000	
961	-12848962.000000000	
962	-12879753.000000000	
963	-12899192.000000000	
964	-12908921.000000000	
965	-12924014.000000000	
966	-12923617.000000000	
967	-12931558.000000000	
968	-12941870.000000000	
969	-12960117.000000000	
970	-12956586.000000000	
971	-12923498.000000000	
972	-12873322.000000000	
973	-12804206.000000000	
974	-12739507.000000000	
975	-12642750.000000000	
976	-12526266.000000000	
977	-12388272.000000000	
978	-12216422.000000000	
979	-12030311.000000000	
980	-11832009.000000000	
981	-11621196.000000000	
982	-11379113.000000000	
983	-11153120.000000000	
984	-10903642.000000000	
985	-10677517.000000000	
986	-10452827.000000000	
987	-10253583.000000000	
988	-10077261.000000000	
989	-9955026.000000000	
990	-9847461.000000000	
991	-9769824.000000000	
992	-9706334.000000000	
993	-9660770.000000000	
994	-9625441.000000000	
995	-9591205.000000000	
996	-9533923.000000000	
997	-9460295.000000000	
998	-9348426.000000000	
999	-9207301.000000000	
1000	-9048473.000000000	
1001	-8875484.000000000	
1002	-8687779.000000000	
1003	-8475934.000000000	
1004	-8291939.000000000	
1005	-8105506.500000000	
1006	-7916821.500000000	
1007	-7768959.500000000	
1008	-7635519.500000000	
1009	-7550594.500000000	
1010	-7509318.000000000	
1011	-7506362.500000000	
1012	-7531546.500000000	
1013	-7596264.000000000	
1014	-7696574.000000000	
1015	-7830743.000000000	
1016	-7978729.000000000	
1017	-8156134.500000000	
1018	-8321065.500000000	
1019	-8485900.000000000	
1020	-8639624.000000000	
1021	-8780304.000000000	
1022	-8904977.000000000	
1023	-9025424.000000000	
1024	-9123542.000000000	
1025	-9219480.000000000	
1026	-9285836.000000000	
1027	-9330371.000000000	
1028	-9371101.000000000	
1029	-9424090.000000000	
1030	-9458399.000000000	
1031	-9509393.000000000	
1032	-9546254.000000000	
1033	-9605113.000000000	
1034	-9677071.000000000	
1035	-9769409.000000000	
1036	-9876359.000000000	
1037	-10007805.000000000	
1038	-10131744.000000000	
1039	-10278369.000000000	
1040	-10425751.000000000	
1041	-10586048.000000000	
1042	-10741171.000000000	
1043	-10900772.000000000	
1044	-11053148.000000000	
1045	-11203051.000000000	
1046	-11369904.000000000	
1047	-11525629.000000000	
1048	-11688191.000000000	
1049	-11850888.000000000	
1050	-11998398.000000000	
1051	-12130778.000000000	
1052	-12247443.000000000	
1053	-12372635.000000000	
1054	-12477170.000000000	
1055	-12575861.000000000	
1056	-12666741.000000000	
1057	-12726717.000000000	
1058	-12793735.000000000	
1059	-12864962.000000000	
1060	-12918229.000000000	
1061	-12971207.000000000	
1062	-13011896.000000000	
1063	-13042882.000000000	
1064	-13061120.000000000	
1065	-13068230.000000000	
1066	-13078648.000000000	
1067	-13084983.000000000	
1068	-13079621.000000000	
1069	-13078600.000000000	
1070	-13076227.000000000	
1071	-13069584.000000000	
1072	-13049741.000000000	
1073	-13018636.000000000	
1074	-12971847.000000000	
1075	-12924464.000000000	
1076	-12862098.000000000	
1077	-12773014.000000000	
1078	-12666592.000000000	
1079	-12532079.000000000	
1080	-12387058.000000000	
1081	-12217760.000000000	
1082	-12032782.000000000	
1083	-11810984.000000000	
1084	-11576163.000000000	
1085	-11352233.000000000	
1086	-11115674.000000000	
1087	-10888738.000000000	
1088	-10667237.000000000	
1089	-10471909.000000000	
1090	-10283615.000000000	
1091	-10135207.000000000	
1092	-10015852.000000000	
1093	-9925545.000000000	
1094	-9857015.000000000	
1095	-9804838.000000000	
1096	-9757384.000000000	
1097	-9724481.000000000	
1098	-9682897.000000000	
1099	-9627852.000000000	
1100	-9548545.000000000	
1101	-9456661.000000000	
1102	-9339030.000000000	
1103	-9210654.000000000	
1104	-9052633.000000000	
1105	-8875921.000000000	
1106	-8702038.000000000	
1107	-8513741.000000000	
1108	-8325444.500000000	
1109	-8140532.000000000	
1110	-7973886.500000000	
1111	-7847486.000000000	
1112	-7757616.500000000	
1113	-7702770.500000000	
1114	-7687136.000000000	
1115	-7727824.000000000	
1116	-7799776.000000000	
1117	-7892135.000000000	
1118	-8021832.000000000	
1119	-8190803.000000000	
1120	-8364888.000000000	
1121	-8543117.000000000	
1122	-8716100.000000000	
1123	-8885957.000000000	
1124	-9041280.000000000	
1125	-9177409.000000000	
1126	-9307861.000000000	
1127	-9420940.000000000	
1128	-9498251.000000000	
1129	-9575420.000000000	
1130	-9630420.000000000	
1131	-9681628.000000000	
1132	-9726260.000000000	
1133	-9767910.000000000	
1134	-9797024.000000000	
1135	-9827365.000000000	
1136	-9873575.000000000	
1137	-9923799.000000000	
1138	-9979928.000000000	
1139	-10075723.000000000	
1140	-10178130.000000000	
1141	-10293971.000000000	
1142	-10413286.000000000	
1143	-10538051.000000000	
1144	-10676423.000000000	
1145	-10823432.000000000	
1146	-10985050.000000000	
1147	-11140094.000000000	
1148	-11293317.000000000	
1149	-11457363.000000000	
1150	-11611300.000000000	
1151	-11751857.000000000	
1152	-11896308.000000000	
1153	-12041247.000000000	
1154	-12170659.000000000	
1155	-12296988.000000000	
1156	-12419734.000000000	
1157	-12531863.000000000	
1158	-12642220.000000000	
1159	-12746911.000000000	
1160	-12843614.000000000	
1161	-12940951.000000000	
1162	-13027162.000000000	
1163	-13091872.000000000	
1164	-13144238.000000000	
1165	-13197809.000000000	
1166	-13231785.000000000	
1167	-13260488.000000000	
1168	-13283146.000000000	
1169	-13296333.000000000	
1170	-13303754.000000000	
1171	-13303043.000000000	
1172	-13291597.000000000	
1173	-13284182.000000000	
1174	-13266913.000000000	
1175	-13256268.000000000	
1176	-13246026.000000000	
1177	-13241286.000000000	
1178	-13234124.000000000	
1179	-13217666.000000000	
1180	-13195653.000000000	
1181	-13159678.000000000	
1182	-13097129.000000000	
1183	-13018794.000000000	
1184	-12926745.000000000	
1185	-12800544.000000000	
1186	-12671268.000000000	
1187	-12518594.000000000	
1188	-12345933.000000000	
1189	-12158723.000000000	
1190	-11952379.000000000	
1191	-11714799.000000000	
1192	-11497386.000000000	
1193	-11275800.000000000	
1194	-11061268.000000000	
1195	-10862703.000000000	
1196	-10680359.000000000	
1197	-10532580.000000000	
1198	-10403043.000000000	
1199	-10285535.000000000	
1200	-10200142.000000000	
1201	-10144667.000000000	
1202	-10104158.000000000	
1203	-10078438.000000000	
1204	-10061538.000000000	
1205	-10041435.000000000	
1206	-10022357.000000000	
1207	-9971746.000000000	
1208	-9901089.000000000	
1209	-9806596.000000000	
1210	-9684052.000000000	
1211	-9543491.000000000	
1212	-9378664.000000000	
1213	-9202898.000000000	
1214	-9019597.000000000	
1215	-8839630.000000000	
1216	-8659526.000000000	
1217	-8508428.000000000	
1218	-8366478.000000000	
1219	-8253897.500000000	
1220	-8173346.000000000	
1221	-8142859.500000000	
1222	-8138106.000000000	
1223	-8170349.000000000	
1224	-8259103.500000000	
1225	-8372733.500000000	
1226	-8511673.000000000	
1227	-8665417.000000000	
1228	-8841958.000000000	
1229	-9037741.000000000	
1230	-9215969.000000000	
1231	-9391217.000000000	
1232	-9552418.000000000	
1233	-9694042.000000000	
1234	-9823134.000000000	
1235	-9932153.000000000	
1236	-10033459.000000000	
1237	-10096960.000000000	
1238	-10155291.000000000	
1239	-10206923.000000000	
1240	-10228826.000000000	
1241	-10261699.000000000	
1242	-10290826.000000000	
1243	-10322774.000000000	
1244	-10337999.000000000	
1245	-10375308.000000000	
1246	-10425238.000000000	
1247	-10480358.000000000	
1248	-10539670.000000000	
1249	-10636568.000000000	
1250	-10739109.000000000	
1251	-10867299.000000000	
1252	-10999506.000000000	
1253	-11128331.000000000	
1254	-11269948.000000000	
1255	-11411852.000000000	
1256	-11553039.000000000	
1257	-11700636.000000000	
1258	-11845537.000000000	
1259	-11991322.000000000	
1260	-12134757.000000000	
1261	-12266092.000000000	
1262	-12392936.000000000	
1263	-12509555.000000000	
1264	-12636608.000000000	
1265	-12739717.000000000	
1266	-12852655.000000000	
1267	-12943913.000000000	
1268	-13039522.000000000	
1269	-13110460.000000000	
1270	-13177925.000000000	
1271	-13247715.000000000	
1272	-13293679.000000000	
1273	-13344323.000000000	
1274	-13378389.000000000	
1275	-13406817.000000000	
1276	-13431010.000000000	
1277	-13456666.000000000	
1278	-13475667.000000000	
1279	-13487302.000000000	
1280	-13514420.000000000	
1281	-13535719.000000000	
1282	-13568572.000000000	
1283	-13585149.000000000	
1284	-13616318.000000000	
1285	-13632993.000000000	
1286	-13670378.000000000	
1287	-13712585.000000000	
1288	-13777622.000000000	
1289	-13837894.000000000	
1290	-13891663.000000000	
1291	-13968017.000000000	
1292	-14057297.000000000	
1293	-14089610.000000000	
1294	-14158361.000000000	
1295	-14221056.000000000	
1296	NaN	
