0	-14889165.000000000	
1	-14761738.000000000	
2	-14683708.000000000	
3	-14699692.000000000	
4	-14709908.000000000	
5	-14738925.000000000	
6	-14762023.000000000	
7	-14786272.000000000	
8	-14805044.000000000	
9	-14818637.000000000	
10	-14814062.000000000	
11	-14770129.000000000	
12	-14701851.000000000	
13	-14633343.000000000	
14	-14540120.000000000	
15	-14450152.000000000	
16	-14362069.000000000	
17	-14267319.000000000	
18	-14157246.000000000	
19	-14043889.000000000	
20	-13945827.000000000	
21	-13850171.000000000	
22	-13810163.000000000	
23	-13786095.000000000	
24	-13774456.000000000	
25	-13767806.000000000	
26	-13770426.000000000	
27	-13793154.000000000	
28	-13821308.000000000	
29	-13850683.000000000	
30	-13890927.000000000	
31	-13940397.000000000	
32	-13988845.000000000	
33	-14044774.000000000	
34	-14103266.000000000	
35	-14157338.000000000	
36	-14203606.000000000	
37	-14255071.000000000	
38	-14311036.000000000	
39	-14362895.000000000	
40	-14413098.000000000	
41	-14459567.000000000	
42	-14508892.000000000	
43	-14543645.000000000	
44	-14583831.000000000	
45	-14617794.000000000	
46	-14640756.000000000	
47	-14661876.000000000	
48	-14672055.000000000	
49	-14678469.000000000	
50	-14691089.000000000	
51	-14711883.000000000	
52	-14730114.000000000	
53	-14755069.000000000	
54	-14771017.000000000	
55	-14775308.000000000	
56	-14773830.000000000	
57	-14764866.000000000	
58	-14740602.000000000	
59	-14693044.000000000	
60	-14634047.000000000	
61	-14556996.000000000	
62	-14467836.000000000	
63	-14381308.000000000	
64	-14291762.000000000	
65	-14205105.000000000	
66	-14106597.000000000	
67	-14022240.000000000	
68	-13946906.000000000	
69	-13873195.000000000	
70	-13815915.000000000	
71	-13775359.000000000	
72	-13756938.000000000	
73	-13756746.000000000	
74	-13759694.000000000	
75	-13791631.000000000	
76	-13827237.000000000	
77	-13861018.000000000	
78	-13903799.000000000	
79	-13937575.000000000	
80	-13963161.000000000	
81	-13989969.000000000	
82	-14010320.000000000	
83	-14026646.000000000	
84	-14046566.000000000	
85	-14054920.000000000	
86	-14056787.000000000	
87	-14066065.000000000	
88	-14075286.000000000	
89	-14069516.000000000	
90	-14066054.000000000	
91	-14062019.000000000	
92	-14059711.000000000	
93	-14071218.000000000	
94	-14085214.000000000	
95	-14102622.000000000	
96	-14116719.000000000	
97	-14146479.000000000	
98	-14182722.000000000	
99	-14215237.000000000	
100	-14254145.000000000	
101	-14298107.000000000	
102	-14339805.000000000	
103	-14368030.000000000	
104	-14382426.000000000	
105	-14372695.000000000	
106	-14340870.000000000	
107	-14293142.000000000	
108	-14227253.000000000	
109	-14149384.000000000	
110	-14070986.000000000	
111	-14003914.000000000	
112	-13930052.000000000	
113	-13877620.000000000	
114	-13827204.000000000	
115	-13785713.000000000	
116	-13750280.000000000	
117	-13724420.000000000	
118	-13710904.000000000	
119	-13716349.000000000	
120	-13729027.000000000	
121	-13746835.000000000	
122	-13782600.000000000	
123	-13831600.000000000	
124	-13867828.000000000	
125	-13921080.000000000	
126	-13964296.000000000	
127	-14014287.000000000	
128	-14073929.000000000	
129	-14127494.000000000	
130	-14176366.000000000	
131	-14223396.000000000	
132	-14271216.000000000	
133	-14328456.000000000	
134	-14380193.000000000	
135	-14441938.000000000	
136	-14484639.000000000	
137	-14528105.000000000	
138	-14554724.000000000	
139	-14581534.000000000	
140	-14603981.000000000	
141	-14630775.000000000	
142	-14648053.000000000	
143	-14660912.000000000	
144	-14671440.000000000	
145	-14696916.000000000	
146	-14713489.000000000	
147	-14724171.000000000	
148	-14742482.000000000	
149	-14749202.000000000	
150	-14763461.000000000	
151	-14752351.000000000	
152	-14741082.000000000	
153	-14709071.000000000	
154	-14670105.000000000	
155	-14595913.000000000	
156	-14513336.000000000	
157	-14411128.000000000	
158	-14315386.000000000	
159	-14224123.000000000	
160	-14139706.000000000	
161	-14047586.000000000	
162	-13970086.000000000	
163	-13893539.000000000	
164	-13828606.000000000	
165	-13756862.000000000	
166	-13705300.000000000	
167	-13683023.000000000	
168	-13682270.000000000	
169	-13694111.000000000	
170	-13711370.000000000	
171	-13746882.000000000	
172	-13777993.000000000	
173	-13824689.000000000	
174	-13872103.000000000	
175	-13923686.000000000	
176	-13957356.000000000	
177	-13988863.000000000	
178	-14015212.000000000	
179	-14036977.000000000	
180	-14046961.000000000	
181	-14059144.000000000	
182	-14064072.000000000	
183	-14063109.000000000	
184	-14065358.000000000	
185	-14057099.000000000	
186	-14052474.000000000	
187	-14050355.000000000	
188	-14045791.000000000	
189	-14051044.000000000	
190	-14058206.000000000	
191	-14069927.000000000	
192	-14088870.000000000	
193	-14122615.000000000	
194	-14162873.000000000	
195	-14204216.000000000	
196	-14235331.000000000	
197	-14286144.000000000	
198	-14326325.000000000	
199	-14365218.000000000	
200	-14371437.000000000	
201	-14357604.000000000	
202	-14333860.000000000	
203	-14276699.000000000	
204	-14211105.000000000	
205	-14136961.000000000	
206	-14065849.000000000	
207	-13985601.000000000	
208	-13908973.000000000	
209	-13843438.000000000	
210	-13787771.000000000	
211	-13749703.000000000	
212	-13723520.000000000	
213	-13713865.000000000	
214	-13700042.000000000	
215	-13701693.000000000	
216	-13717881.000000000	
217	-13746918.000000000	
218	-13791658.000000000	
219	-13837547.000000000	
220	-13887791.000000000	
221	-13932604.000000000	
222	-13983733.000000000	
223	-14024441.000000000	
224	-14079043.000000000	
225	-14118711.000000000	
226	-14147822.000000000	
227	-14196010.000000000	
228	-14243512.000000000	
229	-14286062.000000000	
230	-14340021.000000000	
231	-14400170.000000000	
232	-14451705.000000000	
233	-14500872.000000000	
234	-14534928.000000000	
235	-14560270.000000000	
236	-14587921.000000000	
237	-14610698.000000000	
238	-14623748.000000000	
239	-14641467.000000000	
240	-14641981.000000000	
241	-14646692.000000000	
242	-14649640.000000000	
243	-14659187.000000000	
244	-14688815.000000000	
245	-14705027.000000000	
246	-14715583.000000000	
247	-14738313.000000000	
248	-14748121.000000000	
249	-14751759.000000000	
250	-14738306.000000000	
251	-14710790.000000000	
252	-14657675.000000000	
253	-14592841.000000000	
254	-14514486.000000000	
255	-14424757.000000000	
256	-14319997.000000000	
257	-14228847.000000000	
258	-14145323.000000000	
259	-14050279.000000000	
260	-13967476.000000000	
261	-13894060.000000000	
262	-13817841.000000000	
263	-13764015.000000000	
264	-13711278.000000000	
265	-13681918.000000000	
266	-13670147.000000000	
267	-13672695.000000000	
268	-13698487.000000000	
269	-13729841.000000000	
270	-13763766.000000000	
271	-13816491.000000000	
272	-13864043.000000000	
273	-13915498.000000000	
274	-13959982.000000000	
275	-13995255.000000000	
276	-14005622.000000000	
277	-14034041.000000000	
278	-14057685.000000000	
279	-14082319.000000000	
280	-14097159.000000000	
281	-14114621.000000000	
282	-14115391.000000000	
283	-14104176.000000000	
284	-14086252.000000000	
285	-14077925.000000000	
286	-14080364.000000000	
287	-14085038.000000000	
288	-14073838.000000000	
289	-14069038.000000000	
290	-14071666.000000000	
291	-14082367.000000000	
292	-14109479.000000000	
293	-14143780.000000000	
294	-14181868.000000000	
295	-14225080.000000000	
296	-14265926.000000000	
297	-14306118.000000000	
298	-14329031.000000000	
299	-14334849.000000000	
300	-14331199.000000000	
301	-14310716.000000000	
302	-14293692.000000000	
303	-14252929.000000000	
304	-14205177.000000000	
305	-14138619.000000000	
306	-14073978.000000000	
307	-14013171.000000000	
308	-13951156.000000000	
309	-13878892.000000000	
310	-13810094.000000000	
311	-13755358.000000000	
312	-13697695.000000000	
313	-13655243.000000000	
314	-13618003.000000000	
315	-13604313.000000000	
316	-13608147.000000000	
317	-13618689.000000000	
318	-13658242.000000000	
319	-13711274.000000000	
320	-13773935.000000000	
321	-13833506.000000000	
322	-13899367.000000000	
323	-13966885.000000000	
324	-14022559.000000000	
325	-14081502.000000000	
326	-14138678.000000000	
327	-14193870.000000000	
328	-14256848.000000000	
329	-14314192.000000000	
330	-14375136.000000000	
331	-14422564.000000000	
332	-14475926.000000000	
333	-14523613.000000000	
334	-14565149.000000000	
335	-14594517.000000000	
336	-14635166.000000000	
337	-14665124.000000000	
338	-14685853.000000000	
339	-14696654.000000000	
340	-14701951.000000000	
341	-14704575.000000000	
342	-14707192.000000000	
343	-14712304.000000000	
344	-14719669.000000000	
345	-14731703.000000000	
346	-14744829.000000000	
347	-14761003.000000000	
348	-14766318.000000000	
349	-14765826.000000000	
350	-14755531.000000000	
351	-14746134.000000000	
352	-14719890.000000000	
353	-14680794.000000000	
354	-14621219.000000000	
355	-14550500.000000000	
356	-14472063.000000000	
357	-14383794.000000000	
358	-14290727.000000000	
359	-14208027.000000000	
360	-14114917.000000000	
361	-14017643.000000000	
362	-13923226.000000000	
363	-13829970.000000000	
364	-13753442.000000000	
365	-13694198.000000000	
366	-13645501.000000000	
367	-13605821.000000000	
368	-13579845.000000000	
369	-13572538.000000000	
370	-13593892.000000000	
371	-13621015.000000000	
372	-13676254.000000000	
373	-13719580.000000000	
374	-13761899.000000000	
375	-13798200.000000000	
376	-13834181.000000000	
377	-13874104.000000000	
378	-13916816.000000000	
379	-13953413.000000000	
380	-13987637.000000000	
381	-14007606.000000000	
382	-14029238.000000000	
383	-14038403.000000000	
384	-14051012.000000000	
385	-14053374.000000000	
386	-14053108.000000000	
387	-14056255.000000000	
388	-14054599.000000000	
389	-14046036.000000000	
390	-14043008.000000000	
391	-14044996.000000000	
392	-14042422.000000000	
393	-14042493.000000000	
394	-14054832.000000000	
395	-14067433.000000000	
396	-14096251.000000000	
397	-14129780.000000000	
398	-14160056.000000000	
399	-14187652.000000000	
400	-14225928.000000000	
401	-14259707.000000000	
402	-14296560.000000000	
403	-14318080.000000000	
404	-14308993.000000000	
405	-14306058.000000000	
406	-14273795.000000000	
407	-14240840.000000000	
408	-14170065.000000000	
409	-14096465.000000000	
410	-14027898.000000000	
411	-13951360.000000000	
412	-13875060.000000000	
413	-13802726.000000000	
414	-13743596.000000000	
415	-13694467.000000000	
416	-13634302.000000000	
417	-13583478.000000000	
418	-13562239.000000000	
419	-13551873.000000000	
420	-13557891.000000000	
421	-13570635.000000000	
422	-13596351.000000000	
423	-13642104.000000000	
424	-13697314.000000000	
425	-13758362.000000000	
426	-13819427.000000000	
427	-13896989.000000000	
428	-13958379.000000000	
429	-14019401.000000000	
430	-14078101.000000000	
431	-14126804.000000000	
432	-14186069.000000000	
433	-14245406.000000000	
434	-14303108.000000000	
435	-14357017.000000000	
436	-14406232.000000000	
437	-14460425.000000000	
438	-14509269.000000000	
439	-14553217.000000000	
440	-14604593.000000000	
441	-14642159.000000000	
442	-14670981.000000000	
443	-14682946.000000000	
444	-14697138.000000000	
445	-14715002.000000000	
446	-14718568.000000000	
447	-14722735.000000000	
448	-14714562.000000000	
449	-14707588.000000000	
450	-14706573.000000000	
451	-14716937.000000000	
452	-14727232.000000000	
453	-14736344.000000000	
454	-14750916.000000000	
455	-14760699.000000000	
456	-14767775.000000000	
457	-14751630.000000000	
458	-14727698.000000000	
459	-14687525.000000000	
460	-14631671.000000000	
461	-14549150.000000000	
462	-14450660.000000000	
463	-14364134.000000000	
464	-14254639.000000000	
465	-14168556.000000000	
466	-14067246.000000000	
467	-13975969.000000000	
468	-13892057.000000000	
469	-13820695.000000000	
470	-13748949.000000000	
471	-13679770.000000000	
472	-13614049.000000000	
473	-13565244.000000000	
474	-13544726.000000000	
475	-13524776.000000000	
476	-13528911.000000000	
477	-13550778.000000000	
478	-13572406.000000000	
479	-13624496.000000000	
480	-13671759.000000000	
481	-13732613.000000000	
482	-13785621.000000000	
483	-13840550.000000000	
484	-13895985.000000000	
485	-13938291.000000000	
486	-13974711.000000000	
487	-13999741.000000000	
488	-14021741.000000000	
489	-14047010.000000000	
490	-14062192.000000000	
491	-14066370.000000000	
492	-14070914.000000000	
493	-14071034.000000000	
494	-14077940.000000000	
495	-14070825.000000000	
496	-14065905.000000000	
497	-14062707.000000000	
498	-14060404.000000000	
499	-14061364.000000000	
500	-14053811.000000000	
501	-14051431.000000000	
502	-14056793.000000000	
503	-14081809.000000000	
504	-14126611.000000000	
505	-14158481.000000000	
506	-14195025.000000000	
507	-14219532.000000000	
508	-14240134.000000000	
509	-14269083.000000000	
510	-14289629.000000000	
511	-14302440.000000000	
512	-14305153.000000000	
513	-14291382.000000000	
514	-14267962.000000000	
515	-14220978.000000000	
516	-14174074.000000000	
517	-14127032.000000000	
518	-14062401.000000000	
519	-13981129.000000000	
520	-13901115.000000000	
521	-13807783.000000000	
522	-13737949.000000000	
523	-13674348.000000000	
524	-13623405.000000000	
525	-13574058.000000000	
526	-13556594.000000000	
527	-13544460.000000000	
528	-13536527.000000000	
529	-13543674.000000000	
530	-13559092.000000000	
531	-13585306.000000000	
532	-13626390.000000000	
533	-13670104.000000000	
534	-13730020.000000000	
535	-13788088.000000000	
536	-13847226.000000000	
537	-13900672.000000000	
538	-13966456.000000000	
539	-14029229.000000000	
540	-14094461.000000000	
541	-14153238.000000000	
542	-14213021.000000000	
543	-14263959.000000000	
544	-14311878.000000000	
545	-14365837.000000000	
546	-14428550.000000000	
547	-14487285.000000000	
548	-14527533.000000000	
549	-14567289.000000000	
550	-14604212.000000000	
551	-14635775.000000000	
552	-14664120.000000000	
553	-14679915.000000000	
554	-14686012.000000000	
555	-14692864.000000000	
556	-14697470.000000000	
557	-14703739.000000000	
558	-14705911.000000000	
559	-14706040.000000000	
560	-14703920.000000000	
561	-14706041.000000000	
562	-14712705.000000000	
563	-14714638.000000000	
564	-14722122.000000000	
565	-14740932.000000000	
566	-14760429.000000000	
567	-14767531.000000000	
568	-14753963.000000000	
569	-14731059.000000000	
570	-14682533.000000000	
571	-14626353.000000000	
572	-14531591.000000000	
573	-14437006.000000000	
574	-14338762.000000000	
575	-14240794.000000000	
576	-14149317.000000000	
577	-14065206.000000000	
578	-13985960.000000000	
579	-13900310.000000000	
580	-13827741.000000000	
581	-13748183.000000000	
582	-13679912.000000000	
583	-13613343.000000000	
584	-13555483.000000000	
585	-13503414.000000000	
586	-13479045.000000000	
587	-13468496.000000000	
588	-13487063.000000000	
589	-13519947.000000000	
590	-13556993.000000000	
591	-13607788.000000000	
592	-13666651.000000000	
593	-13735390.000000000	
594	-13797647.000000000	
595	-13848078.000000000	
596	-13912276.000000000	
597	-13950369.000000000	
598	-13986414.000000000	
599	-14015232.000000000	
600	-14041817.000000000	
601	-14067864.000000000	
602	-14082107.000000000	
603	-14081641.000000000	
604	-14077852.000000000	
605	-14084963.000000000	
606	-14090156.000000000	
607	-14088044.000000000	
608	-14077040.000000000	
609	-14072061.000000000	
610	-14068096.000000000	
611	-14065218.000000000	
612	-14065201.000000000	
613	-14063273.000000000	
614	-14067234.000000000	
615	-14081443.000000000	
616	-14097254.000000000	
617	-14125228.000000000	
618	-14154661.000000000	
619	-14181936.000000000	
620	-14199225.000000000	
621	-14222385.000000000	
622	-14243694.000000000	
623	-14266096.000000000	
624	-14285434.000000000	
625	-14306110.000000000	
626	-14310347.000000000	
627	-14299409.000000000	
628	-14264714.000000000	
629	-14208012.000000000	
630	-14152718.000000000	
631	-14085321.000000000	
632	-14007746.000000000	
633	-13927992.000000000	
634	-13855354.000000000	
635	-13767598.000000000	
636	-13694687.000000000	
637	-13635798.000000000	
638	-13590491.000000000	
639	-13542180.000000000	
640	-13507115.000000000	
641	-13483301.000000000	
642	-13467428.000000000	
643	-13474297.000000000	
644	-13500396.000000000	
645	-13542064.000000000	
646	-13588399.000000000	
647	-13645296.000000000	
648	-13706875.000000000	
649	-13764482.000000000	
650	-13827377.000000000	
651	-13892276.000000000	
652	-13962818.000000000	
653	-14019747.000000000	
654	-14091867.000000000	
655	-14154067.000000000	
656	-14216526.000000000	
657	-14281360.000000000	
658	-14338837.000000000	
659	-14398366.000000000	
660	-14444066.000000000	
661	-14478486.000000000	
662	-14518095.000000000	
663	-14554955.000000000	
664	-14593189.000000000	
665	-14623130.000000000	
666	-14652462.000000000	
667	-14670079.000000000	
668	-14690380.000000000	
669	-14705469.000000000	
670	-14715946.000000000	
671	-14719084.000000000	
672	-14723570.000000000	
673	-14722747.000000000	
674	-14721535.000000000	
675	-14717237.000000000	
676	-14714037.000000000	
677	-14705534.000000000	
678	-14699398.000000000	
679	-14710810.000000000	
680	-14718551.000000000	
681	-14727695.000000000	
682	-14728888.000000000	
683	-14720831.000000000	
684	-14699453.000000000	
685	-14677552.000000000	
686	-14643707.000000000	
687	-14591995.000000000	
688	-14518770.000000000	
689	-14432910.000000000	
690	-14342354.000000000	
691	-14230997.000000000	
692	-14142419.000000000	
693	-14057118.000000000	
694	-13976728.000000000	
695	-13886970.000000000	
696	-13798783.000000000	
697	-13721272.000000000	
698	-13650419.000000000	
699	-13586128.000000000	
700	-13527818.000000000	
701	-13480090.000000000	
702	-13471460.000000000	
703	-13464243.000000000	
704	-13468616.000000000	
705	-13485451.000000000	
706	-13513081.000000000	
707	-13549683.000000000	
708	-13583020.000000000	
709	-13628984.000000000	
710	-13682947.000000000	
711	-13739595.000000000	
712	-13797460.000000000	
713	-13855206.000000000	
714	-13918042.000000000	
715	-13980387.000000000	
716	-14032478.000000000	
717	-14062548.000000000	
718	-14094740.000000000	
719	-14112705.000000000	
720	-14132349.000000000	
721	-14131963.000000000	
722	-14134776.000000000	
723	-14131883.000000000	
724	-14126830.000000000	
725	-14124731.000000000	
726	-14119862.000000000	
727	-14116600.000000000	
728	-14114750.000000000	
729	-14106559.000000000	
730	-14103416.000000000	
731	-14104171.000000000	
732	-14112758.000000000	
733	-14117236.000000000	
734	-14125560.000000000	
735	-14131054.000000000	
736	-14146350.000000000	
737	-14159345.000000000	
738	-14180465.000000000	
739	-14212281.000000000	
740	-14236734.000000000	
741	-14259655.000000000	
742	-14281458.000000000	
743	-14302772.000000000	
744	-14318573.000000000	
745	-14324604.000000000	
746	-14299328.000000000	
747	-14264439.000000000	
748	-14223015.000000000	
749	-14162608.000000000	
750	-14114436.000000000	
751	-14039285.000000000	
752	-13956154.000000000	
753	-13871296.000000000	
754	-13799462.000000000	
755	-13731817.000000000	
756	-13675192.000000000	
757	-13615209.000000000	
758	-13567151.000000000	
759	-13531223.000000000	
760	-13492539.000000000	
761	-13466055.000000000	
762	-13461518.000000000	
763	-13476364.000000000	
764	-13500738.000000000	
765	-13535730.000000000	
766	-13583335.000000000	
767	-13632091.000000000	
768	-13684124.000000000	
769	-13745522.000000000	
770	-13802540.000000000	
771	-13866100.000000000	
772	-13931447.000000000	
773	-13988219.000000000	
774	-14046911.000000000	
775	-14115459.000000000	
776	-14174830.000000000	
777	-14236710.000000000	
778	-14305549.000000000	
779	-14359886.000000000	
780	-14405067.000000000	
781	-14458375.000000000	
782	-14508229.000000000	
783	-14533573.000000000	
784	-14571792.000000000	
785	-14595350.000000000	
786	-14617050.000000000	
787	-14637720.000000000	
788	-14654805.000000000	
789	-14667089.000000000	
790	-14676045.000000000	
791	-14686158.000000000	
792	-14690971.000000000	
793	-14692191.000000000	
794	-14695571.000000000	
795	-14698200.000000000	
796	-14691734.000000000	
797	-14690966.000000000	
798	-14693452.000000000	
799	-14696129.000000000	
800	-14693286.000000000	
801	-14698460.000000000	
802	-14691319.000000000	
803	-14693830.000000000	
804	-14696839.000000000	
805	-14692247.000000000	
806	-14687122.000000000	
807	-14674193.000000000	
808	-14644618.000000000	
809	-14603081.000000000	
810	-14536085.000000000	
811	-14477641.000000000	
812	-14400518.000000000	
813	-14330106.000000000	
814	-14248189.000000000	
815	-14165431.000000000	
816	-14061943.000000000	
817	-13970272.000000000	
818	-13875062.000000000	
819	-13796582.000000000	
820	-13712749.000000000	
821	-13642674.000000000	
822	-13569402.000000000	
823	-13535540.000000000	
824	-13504813.000000000	
825	-13479987.000000000	
826	-13476478.000000000	
827	-13489660.000000000	
828	-13518188.000000000	
829	-13550561.000000000	
830	-13593061.000000000	
831	-13630188.000000000	
832	-13687916.000000000	
833	-13744316.000000000	
834	-13795304.000000000	
835	-13849403.000000000	
836	-13906762.000000000	
837	-13970710.000000000	
838	-14025024.000000000	
839	-14074530.000000000	
840	-14115222.000000000	
841	-14143572.000000000	
842	-14177123.000000000	
843	-14195972.000000000	
844	-14207875.000000000	
845	-14210427.000000000	
846	-14203438.000000000	
847	-14193374.000000000	
848	-14177557.000000000	
849	-14170783.000000000	
850	-14162530.000000000	
851	-14164400.000000000	
852	-14159734.000000000	
853	-14156865.000000000	
854	-14151432.000000000	
855	-14154823.000000000	
856	-14149249.000000000	
857	-14146805.000000000	
858	-14145708.000000000	
859	-14150114.000000000	
860	-14163305.000000000	
861	-14179180.000000000	
862	-14191663.000000000	
863	-14216048.000000000	
864	-14236791.000000000	
865	-14254200.000000000	
866	-14278906.000000000	
867	-14302840.000000000	
868	-14326589.000000000	
869	-14343624.000000000	
870	-14350930.000000000	
871	-14348485.000000000	
872	-14337793.000000000	
873	-14312645.000000000	
874	-14270600.000000000	
875	-14214682.000000000	
876	-14150468.000000000	
877	-14076936.000000000	
878	-14009338.000000000	
879	-13935320.000000000	
880	-13854725.000000000	
881	-13783769.000000000	
882	-13723804.000000000	
883	-13667415.000000000	
884	-13615644.000000000	
885	-13561125.000000000	
886	-13520703.000000000	
887	-13490829.000000000	
888	-13473874.000000000	
889	-13466505.000000000	
890	-13482232.000000000	
891	-13507933.000000000	
892	-13562272.000000000	
893	-13629979.000000000	
894	-13682202.000000000	
895	-13734798.000000000	
896	-13790997.000000000	
897	-13854830.000000000	
898	-13906793.000000000	
899	-13961086.000000000	
900	-14017845.000000000	
901	-14086789.000000000	
902	-14149520.000000000	
903	-14205198.000000000	
904	-14259725.000000000	
905	-14323538.000000000	
906	-14383373.000000000	
907	-14448289.000000000	
908	-14483984.000000000	
909	-14515472.000000000	
910	-14555642.000000000	
911	-14584200.000000000	
912	-14608526.000000000	
913	-14631124.000000000	
914	-14652505.000000000	
915	-14663444.000000000	
916	-14678997.000000000	
917	-14698080.000000000	
918	-14710609.000000000	
919	-14729693.000000000	
920	-14739472.000000000	
921	-14747157.000000000	
922	-14746461.000000000	
923	-14750687.000000000	
924	-14753302.000000000	
925	-14758036.000000000	
926	-14756823.000000000	
927	-14754569.000000000	
928	-14752791.000000000	
929	-14740245.000000000	
930	-14740319.000000000	
931	-14735461.000000000	
932	-14733859.000000000	
933	-14718232.000000000	
934	-14717834.000000000	
935	-14712642.000000000	
936	-14695859.000000000	
937	-14677432.000000000	
938	-14647226.000000000	
939	-14609288.000000000	
940	-14564669.000000000	
941	-14499906.000000000	
942	-14429251.000000000	
943	-14349518.000000000	
944	-14257801.000000000	
945	-14182778.000000000	
946	-14087026.000000000	
947	-14005742.000000000	
948	-13925282.000000000	
949	-13840092.000000000	
950	-13757204.000000000	
951	-13683099.000000000	
952	-13630172.000000000	
953	-13578472.000000000	
954	-13544131.000000000	
955	-13510979.000000000	
956	-13501317.000000000	
957	-13506437.000000000	
958	-13517636.000000000	
959	-13539832.000000000	
960	-13565530.000000000	
961	-13610914.000000000	
962	-13649242.000000000	
963	-13692515.000000000	
964	-13741931.000000000	
965	-13796849.000000000	
966	-13845413.000000000	
967	-13904480.000000000	
968	-13971440.000000000	
969	-14032064.000000000	
970	-14088201.000000000	
971	-14145794.000000000	
972	-14186588.000000000	
973	-14219986.000000000	
974	-14239062.000000000	
975	-14268144.000000000	
976	-14272555.000000000	
977	-14285224.000000000	
978	-14276909.000000000	
979	-14274784.000000000	
980	-14263132.000000000	
981	-14250141.000000000	
982	-14234010.000000000	
983	-14229206.000000000	
984	-14228117.000000000	
985	-14226476.000000000	
986	-14222891.000000000	
987	-14221046.000000000	
988	-14220471.000000000	
989	-14226937.000000000	
990	-14224497.000000000	
991	-14227949.000000000	
992	-14230969.000000000	
993	-14229556.000000000	
994	-14238126.000000000	
995	-14250482.000000000	
996	-14265419.000000000	
997	-14279439.000000000	
998	-14294214.000000000	
999	-14321263.000000000	
1000	-14342249.000000000	
1001	-14361720.000000000	
1002	-14383271.000000000	
1003	-14400350.000000000	
1004	-14405976.000000000	
1005	-14401645.000000000	
1006	-14392189.000000000	
1007	-14382274.000000000	
1008	-14350147.000000000	
1009	-14305157.000000000	
1010	-14241495.000000000	
1011	-14170450.000000000	
1012	-14101772.000000000	
1013	-14035396.000000000	
1014	-13961272.000000000	
1015	-13879411.000000000	
1016	-13813483.000000000	
1017	-13755000.000000000	
1018	-13692587.000000000	
1019	-13632614.000000000	
1020	-13588655.000000000	
1021	-13556079.000000000	
1022	-13539889.000000000	
1023	-13532640.000000000	
1024	-13543398.000000000	
1025	-13572577.000000000	
1026	-13613083.000000000	
1027	-13650848.000000000	
1028	-13691999.000000000	
1029	-13744537.000000000	
1030	-13796775.000000000	
1031	-13855157.000000000	
1032	-13902179.000000000	
1033	-13955624.000000000	
1034	-14014456.000000000	
1035	-14079173.000000000	
1036	-14140811.000000000	
1037	-14189346.000000000	
1038	-14238625.000000000	
1039	-14293389.000000000	
1040	-14358418.000000000	
1041	-14410185.000000000	
1042	-14448027.000000000	
1043	-14499601.000000000	
1044	-14536908.000000000	
1045	-14572439.000000000	
1046	-14605601.000000000	
1047	-14635030.000000000	
1048	-14670940.000000000	
1049	-14695039.000000000	
1050	-14717318.000000000	
1051	-14731323.000000000	
1052	-14745393.000000000	
1053	-14760669.000000000	
1054	-14772252.000000000	
1055	-14782185.000000000	
1056	-14788811.000000000	
1057	-14799386.000000000	
1058	-14792866.000000000	
1059	-14797874.000000000	
1060	-14799220.000000000	
1061	-14794935.000000000	
1062	-14791166.000000000	
1063	-14780930.000000000	
1064	-14783940.000000000	
1065	-14775562.000000000	
1066	-14772484.000000000	
1067	-14764031.000000000	
1068	-14761459.000000000	
1069	-14753513.000000000	
1070	-14751773.000000000	
1071	-14750612.000000000	
1072	-14755668.000000000	
1073	-14754907.000000000	
1074	-14747353.000000000	
1075	-14744922.000000000	
1076	-14729178.000000000	
1077	-14707608.000000000	
1078	-14681117.000000000	
1079	-14633751.000000000	
1080	-14578063.000000000	
1081	-14512332.000000000	
1082	-14435613.000000000	
1083	-14354076.000000000	
1084	-14281094.000000000	
1085	-14185442.000000000	
1086	-14109670.000000000	
1087	-14029031.000000000	
1088	-13953481.000000000	
1089	-13883015.000000000	
1090	-13825939.000000000	
1091	-13762531.000000000	
1092	-13703334.000000000	
1093	-13647976.000000000	
1094	-13605782.000000000	
1095	-13580214.000000000	
1096	-13584139.000000000	
1097	-13592470.000000000	
1098	-13611924.000000000	
1099	-13637129.000000000	
1100	-13670838.000000000	
1101	-13709931.000000000	
1102	-13769698.000000000	
1103	-13817698.000000000	
1104	-13869481.000000000	
1105	-13919604.000000000	
1106	-13982513.000000000	
1107	-14041466.000000000	
1108	-14094339.000000000	
1109	-14138131.000000000	
1110	-14175190.000000000	
1111	-14220036.000000000	
1112	-14260046.000000000	
1113	-14293762.000000000	
1114	-14325832.000000000	
1115	-14359751.000000000	
1116	-14371975.000000000	
1117	-14384398.000000000	
1118	-14392627.000000000	
1119	-14401566.000000000	
1120	-14394968.000000000	
1121	-14383773.000000000	
1122	-14373017.000000000	
1123	-14363090.000000000	
1124	-14349976.000000000	
1125	-14330921.000000000	
1126	-14316273.000000000	
1127	-14303852.000000000	
1128	-14299688.000000000	
1129	-14292214.000000000	
1130	-14291754.000000000	
1131	-14286771.000000000	
1132	-14291192.000000000	
1133	-14293815.000000000	
1134	-14305354.000000000	
1135	-14317198.000000000	
1136	-14332834.000000000	
1137	-14345501.000000000	
1138	-14359288.000000000	
1139	-14376879.000000000	
1140	-14391152.000000000	
1141	-14406384.000000000	
1142	-14427765.000000000	
1143	-14447083.000000000	
1144	-14471326.000000000	
1145	-14494295.000000000	
1146	-14512588.000000000	
1147	-14523879.000000000	
1148	-14537967.000000000	
1149	-14540978.000000000	
1150	-14533821.000000000	
1151	-14520190.000000000	
1152	-14508660.000000000	
1153	-14476726.000000000	
1154	-14421682.000000000	
1155	-14359471.000000000	
1156	-14292911.000000000	
1157	-14226624.000000000	
1158	-14157155.000000000	
1159	-14094101.000000000	
1160	-14038426.000000000	
1161	-13992396.000000000	
1162	-13929353.000000000	
1163	-13870465.000000000	
1164	-13824650.000000000	
1165	-13787775.000000000	
1166	-13760971.000000000	
1167	-13753797.000000000	
1168	-13749167.000000000	
1169	-13756453.000000000	
1170	-13787163.000000000	
1171	-13823191.000000000	
1172	-13853280.000000000	
1173	-13875640.000000000	
1174	-13920490.000000000	
1175	-13969056.000000000	
1176	-14015586.000000000	
1177	-14063926.000000000	
1178	-14124916.000000000	
1179	-14184255.000000000	
1180	-14240190.000000000	
1181	-14288968.000000000	
1182	-14350470.000000000	
1183	-14407672.000000000	
1184	-14473721.000000000	
1185	-14530747.000000000	
1186	-14580356.000000000	
1187	-14623491.000000000	
1188	-14660442.000000000	
1189	-14691941.000000000	
1190	-14714542.000000000	
1191	-14740199.000000000	
1192	-14765782.000000000	
1193	-14794393.000000000	
1194	-14817100.000000000	
1195	-14842779.000000000	
1196	-14857051.000000000	
1197	-14882336.000000000	
1198	-14902355.000000000	
1199	-14923008.000000000	
1200	-14942388.000000000	
1201	-14946171.000000000	
1202	-14951245.000000000	
1203	-14957909.000000000	
1204	-14964012.000000000	
1205	-14952406.000000000	
1206	-14950998.000000000	
1207	-14964282.000000000	
1208	-14968122.000000000	
1209	-14972666.000000000	
1210	-14974443.000000000	
1211	-14974887.000000000	
1212	-14975661.000000000	
1213	-14970985.000000000	
1214	-14966502.000000000	
1215	-14957920.000000000	
1216	-14947094.000000000	
1217	-14943507.000000000	
1218	-14942287.000000000	
1219	-14952707.000000000	
1220	-14949954.000000000	
1221	-14941001.000000000	
1222	-14927503.000000000	
1223	-14912220.000000000	
1224	-14899697.000000000	
1225	-14898803.000000000	
1226	-14880701.000000000	
1227	-14865790.000000000	
1228	-14840237.000000000	
1229	-14813223.000000000	
1230	-14779685.000000000	
1231	-14734179.000000000	
1232	-14677469.000000000	
1233	-14628507.000000000	
1234	-14566408.000000000	
1235	-14482369.000000000	
1236	-14403079.000000000	
1237	-14325999.000000000	
1238	-14256173.000000000	
1239	-14195501.000000000	
1240	-14121274.000000000	
1241	-14069376.000000000	
1242	-14023999.000000000	
1243	-13988633.000000000	
1244	-13958461.000000000	
1245	-13934448.000000000	
1246	-13922244.000000000	
1247	-13916849.000000000	
1248	-13917869.000000000	
1249	-13936757.000000000	
1250	-13965310.000000000	
1251	-14002804.000000000	
1252	-14028664.000000000	
1253	-14064112.000000000	
1254	-14102062.000000000	
1255	-14143906.000000000	
1256	-14188683.000000000	
1257	-14234024.000000000	
1258	-14286078.000000000	
1259	-14332877.000000000	
1260	-14378835.000000000	
1261	-14417936.000000000	
1262	-14470927.000000000	
1263	-14501767.000000000	
1264	-14545148.000000000	
1265	-14574388.000000000	
1266	-14607541.000000000	
1267	-14636611.000000000	
1268	-14654066.000000000	
1269	-14663169.000000000	
1270	-14671688.000000000	
1271	-14668685.000000000	
1272	-14663699.000000000	
1273	-14655066.000000000	
1274	-14646364.000000000	
1275	-14620362.000000000	
1276	-14601565.000000000	
1277	-14582300.000000000	
1278	-14568925.000000000	
1279	-14559437.000000000	
1280	-14531894.000000000	
1281	-14514441.000000000	
1282	-14504670.000000000	
1283	-14496921.000000000	
1284	-14493750.000000000	
1285	-14487971.000000000	
1286	-14486746.000000000	
1287	-14481169.000000000	
1288	-14470206.000000000	
1289	-14462126.000000000	
1290	-14428989.000000000	
1291	-14394574.000000000	
1292	-14384239.000000000	
1293	-14442088.000000000	
1294	-14511857.000000000	
1295	-14569479.000000000	
1296	-14652507.000000000	
1297	-14717632.000000000	
1298	-14752295.000000000	
1299	-14780930.000000000	
1300	-14711322.000000000	
1301	-14778368.000000000	
1302	NaN	
