0	-16064151.000000000	
1	-16011807.000000000	
2	-15991463.000000000	
3	-15944437.000000000	
4	-15880006.000000000	
5	-15860033.000000000	
6	-15832280.000000000	
7	-15786072.000000000	
8	-15721020.000000000	
9	-15679795.000000000	
10	-15639805.000000000	
11	-15592788.000000000	
12	-15552504.000000000	
13	-15492492.000000000	
14	-15477217.000000000	
15	-15465568.000000000	
16	-15455128.000000000	
17	-15442905.000000000	
18	-15429731.000000000	
19	-15426598.000000000	
20	-15433384.000000000	
21	-15435931.000000000	
22	-15444612.000000000	
23	-15457675.000000000	
24	-15469649.000000000	
25	-15487436.000000000	
26	-15494924.000000000	
27	-15503712.000000000	
28	-15526876.000000000	
29	-15557424.000000000	
30	-15577137.000000000	
31	-15597565.000000000	
32	-15626547.000000000	
33	-15645351.000000000	
34	-15658735.000000000	
35	-15667177.000000000	
36	-15687972.000000000	
37	-15711131.000000000	
38	-15738645.000000000	
39	-15765638.000000000	
40	-15783282.000000000	
41	-15794799.000000000	
42	-15810105.000000000	
43	-15822604.000000000	
44	-15841480.000000000	
45	-15854274.000000000	
46	-15864575.000000000	
47	-15866040.000000000	
48	-15871111.000000000	
49	-15871908.000000000	
50	-15882094.000000000	
51	-15883502.000000000	
52	-15881401.000000000	
53	-15884218.000000000	
54	-15888698.000000000	
55	-15886781.000000000	
56	-15882168.000000000	
57	-15874931.000000000	
58	-15871671.000000000	
59	-15869623.000000000	
60	-15867385.000000000	
61	-15863935.000000000	
62	-15865531.000000000	
63	-15862459.000000000	
64	-15860351.000000000	
65	-15855430.000000000	
66	-15845440.000000000	
67	-15838402.000000000	
68	-15831544.000000000	
69	-15824428.000000000	
70	-15814111.000000000	
71	-15808613.000000000	
72	-15805748.000000000	
73	-15805373.000000000	
74	-15798462.000000000	
75	-15785016.000000000	
76	-15772476.000000000	
77	-15763177.000000000	
78	-15759655.000000000	
79	-15756779.000000000	
80	-15755690.000000000	
81	-15753003.000000000	
82	-15750828.000000000	
83	-15742499.000000000	
84	-15735577.000000000	
85	-15735009.000000000	
86	-15734384.000000000	
87	-15728180.000000000	
88	-15726962.000000000	
89	-15722855.000000000	
90	-15717221.000000000	
91	-15711260.000000000	
92	-15704286.000000000	
93	-15697880.000000000	
94	-15690260.000000000	
95	-15687318.000000000	
96	-15676987.000000000	
97	-15672113.000000000	
98	-15649964.000000000	
99	-15622081.000000000	
100	-15597204.000000000	
101	-15568988.000000000	
102	-15544659.000000000	
103	-15523142.000000000	
104	-15498046.000000000	
105	-15479286.000000000	
106	-15459524.000000000	
107	-15442836.000000000	
108	-15440804.000000000	
109	-15437208.000000000	
110	-15439379.000000000	
111	-15444962.000000000	
112	-15456690.000000000	
113	-15471086.000000000	
114	-15480302.000000000	
115	-15484005.000000000	
116	-15491616.000000000	
117	-15502164.000000000	
118	-15528970.000000000	
119	-15548307.000000000	
120	-15570325.000000000	
121	-15596387.000000000	
122	-15622552.000000000	
123	-15639703.000000000	
124	-15656615.000000000	
125	-15661930.000000000	
126	-15677724.000000000	
127	-15703763.000000000	
128	-15727774.000000000	
129	-15743097.000000000	
130	-15761518.000000000	
131	-15775579.000000000	
132	-15786013.000000000	
133	-15785956.000000000	
134	-15794550.000000000	
135	-15810935.000000000	
136	-15818037.000000000	
137	-15827044.000000000	
138	-15832605.000000000	
139	-15839004.000000000	
140	-15843168.000000000	
141	-15856179.000000000	
142	-15862199.000000000	
143	-15864115.000000000	
144	-15866801.000000000	
145	-15869115.000000000	
146	-15873659.000000000	
147	-15876985.000000000	
148	-15874422.000000000	
149	-15874549.000000000	
150	-15869497.000000000	
151	-15865407.000000000	
152	-15862649.000000000	
153	-15855610.000000000	
154	-15852615.000000000	
155	-15848846.000000000	
156	-15840977.000000000	
157	-15828750.000000000	
158	-15826561.000000000	
159	-15824569.000000000	
160	-15817858.000000000	
161	-15812619.000000000	
162	-15805507.000000000	
163	-15796850.000000000	
164	-15789092.000000000	
165	-15781738.000000000	
166	-15781034.000000000	
167	-15780908.000000000	
168	-15772399.000000000	
169	-15765424.000000000	
170	-15755954.000000000	
171	-15748402.000000000	
172	-15742519.000000000	
173	-15734450.000000000	
174	-15730295.000000000	
175	-15728181.000000000	
176	-15717278.000000000	
177	-15707283.000000000	
178	-15705306.000000000	
179	-15700963.000000000	
180	-15703386.000000000	
181	-15703913.000000000	
182	-15696885.000000000	
183	-15691317.000000000	
184	-15686704.000000000	
185	-15681188.000000000	
186	-15673191.000000000	
187	-15660843.000000000	
188	-15653105.000000000	
189	-15636409.000000000	
190	-15626551.000000000	
191	-15620854.000000000	
192	-15606881.000000000	
193	-15587292.000000000	
194	-15552543.000000000	
195	-15523488.000000000	
196	-15501105.000000000	
197	-15473496.000000000	
198	-15447245.000000000	
199	-15425100.000000000	
200	-15408717.000000000	
201	-15395658.000000000	
202	-15387781.000000000	
203	-15378381.000000000	
204	-15371983.000000000	
205	-15382613.000000000	
206	-15388706.000000000	
207	-15399329.000000000	
208	-15415347.000000000	
209	-15443558.000000000	
210	-15468627.000000000	
211	-15492242.000000000	
212	-15507334.000000000	
213	-15538005.000000000	
214	-15583315.000000000	
215	-15614157.000000000	
216	-15631247.000000000	
217	-15652189.000000000	
218	-15680215.000000000	
219	-15694040.000000000	
220	-15708635.000000000	
221	-15723662.000000000	
222	-15746940.000000000	
223	-15761027.000000000	
224	-15774561.000000000	
225	-15782811.000000000	
226	-15794781.000000000	
227	-15798637.000000000	
228	-15801962.000000000	
229	-15806249.000000000	
230	-15809448.000000000	
231	-15808864.000000000	
232	-15813608.000000000	
233	-15816423.000000000	
234	-15820439.000000000	
235	-15820702.000000000	
236	-15823407.000000000	
237	-15832607.000000000	
238	-15830414.000000000	
239	-15813185.000000000	
240	-15816817.000000000	
241	-15832639.000000000	
242	-15843272.000000000	
243	-15842121.000000000	
244	-15843589.000000000	
245	-15846223.000000000	
246	-15845646.000000000	
247	-15851742.000000000	
248	-15859172.000000000	
249	-15853157.000000000	
250	-15850798.000000000	
251	-15842487.000000000	
252	-15836026.000000000	
253	-15818613.000000000	
254	-15813352.000000000	
255	-15810721.000000000	
256	-15801763.000000000	
257	-15790247.000000000	
258	-15773597.000000000	
259	-15769237.000000000	
260	-15768155.000000000	
261	-15764664.000000000	
262	-15763130.000000000	
263	-15764413.000000000	
264	-15762167.000000000	
265	-15757681.000000000	
266	-15751157.000000000	
267	-15745468.000000000	
268	-15736325.000000000	
269	-15728953.000000000	
270	-15724600.000000000	
271	-15724727.000000000	
272	-15719151.000000000	
273	-15714922.000000000	
274	-15701926.000000000	
275	-15701283.000000000	
276	-15701227.000000000	
277	-15698028.000000000	
278	-15697070.000000000	
279	-15686443.000000000	
280	-15667288.000000000	
281	-15659924.000000000	
282	-15662746.000000000	
283	-15661092.000000000	
284	-15649901.000000000	
285	-15634357.000000000	
286	-15628983.000000000	
287	-15623013.000000000	
288	-15604628.000000000	
289	-15588313.000000000	
290	-15559895.000000000	
291	-15528410.000000000	
292	-15497749.000000000	
293	-15472535.000000000	
294	-15447246.000000000	
295	-15430984.000000000	
296	-15406236.000000000	
297	-15392364.000000000	
298	-15390317.000000000	
299	-15386722.000000000	
300	-15386774.000000000	
301	-15387341.000000000	
302	-15390281.000000000	
303	-15398782.000000000	
304	-15408397.000000000	
305	-15420312.000000000	
306	-15448943.000000000	
307	-15470713.000000000	
308	-15503923.000000000	
309	-15531875.000000000	
310	-15574436.000000000	
311	-15601826.000000000	
312	-15623012.000000000	
313	-15637810.000000000	
314	-15656863.000000000	
315	-15673372.000000000	
316	-15693535.000000000	
317	-15715560.000000000	
318	-15738215.000000000	
319	-15749668.000000000	
320	-15768679.000000000	
321	-15788395.000000000	
322	-15798702.000000000	
323	-15810106.000000000	
324	-15813231.000000000	
325	-15817776.000000000	
326	-15823850.000000000	
327	-15828009.000000000	
328	-15839267.000000000	
329	-15846041.000000000	
330	-15845092.000000000	
331	-15852912.000000000	
332	-15859630.000000000	
333	-15865895.000000000	
334	-15870887.000000000	
335	-15872795.000000000	
336	-15870498.000000000	
337	-15870052.000000000	
338	-15866596.000000000	
339	-15857766.000000000	
340	-15857642.000000000	
341	-15859434.000000000	
342	-15857132.000000000	
343	-15860782.000000000	
344	-15862760.000000000	
345	-15861542.000000000	
346	-15854378.000000000	
347	-15843500.000000000	
348	-15828655.000000000	
349	-15812973.000000000	
350	-15806189.000000000	
351	-15799603.000000000	
352	-15794165.000000000	
353	-15784308.000000000	
354	-15781237.000000000	
355	-15772649.000000000	
356	-15762021.000000000	
357	-15757357.000000000	
358	-15750207.000000000	
359	-15753156.000000000	
360	-15748675.000000000	
361	-15748791.000000000	
362	-15735014.000000000	
363	-15721701.000000000	
364	-15714212.000000000	
365	-15707059.000000000	
366	-15702128.000000000	
367	-15695782.000000000	
368	-15685715.000000000	
369	-15682127.000000000	
370	-15678344.000000000	
371	-15669909.000000000	
372	-15667801.000000000	
373	-15666779.000000000	
374	-15667809.000000000	
375	-15666083.000000000	
376	-15667944.000000000	
377	-15665248.000000000	
378	-15666661.000000000	
379	-15663904.000000000	
380	-15658851.000000000	
381	-15650858.000000000	
382	-15644450.000000000	
383	-15642970.000000000	
384	-15634313.000000000	
385	-15624832.000000000	
386	-15598149.000000000	
387	-15564173.000000000	
388	-15534253.000000000	
389	-15501551.000000000	
390	-15473195.000000000	
391	-15448473.000000000	
392	-15421337.000000000	
393	-15394153.000000000	
394	-15375406.000000000	
395	-15363314.000000000	
396	-15352368.000000000	
397	-15349738.000000000	
398	-15351133.000000000	
399	-15352352.000000000	
400	-15341572.000000000	
401	-15345619.000000000	
402	-15354961.000000000	
403	-15377168.000000000	
404	-15405712.000000000	
405	-15433430.000000000	
406	-15457866.000000000	
407	-15487542.000000000	
408	-15510389.000000000	
409	-15538515.000000000	
410	-15564119.000000000	
411	-15591894.000000000	
412	-15622497.000000000	
413	-15645223.000000000	
414	-15666098.000000000	
415	-15684926.000000000	
416	-15702919.000000000	
417	-15711437.000000000	
418	-15729547.000000000	
419	-15741315.000000000	
420	-15753267.000000000	
421	-15757159.000000000	
422	-15768476.000000000	
423	-15781568.000000000	
424	-15793790.000000000	
425	-15811641.000000000	
426	-15822463.000000000	
427	-15835462.000000000	
428	-15846270.000000000	
429	-15853558.000000000	
430	-15853422.000000000	
431	-15857902.000000000	
432	-15855091.000000000	
433	-15857973.000000000	
434	-15862274.000000000	
435	-15860946.000000000	
436	-15863128.000000000	
437	-15862742.000000000	
438	-15864088.000000000	
439	-15862287.000000000	
440	-15859537.000000000	
441	-15858572.000000000	
442	-15856591.000000000	
443	-15850395.000000000	
444	-15847841.000000000	
445	-15843176.000000000	
446	-15841581.000000000	
447	-15841847.000000000	
448	-15840134.000000000	
449	-15830471.000000000	
450	-15820734.000000000	
451	-15815156.000000000	
452	-15811124.000000000	
453	-15804728.000000000	
454	-15793268.000000000	
455	-15782326.000000000	
456	-15773757.000000000	
457	-15765747.000000000	
458	-15759470.000000000	
459	-15751211.000000000	
460	-15741158.000000000	
461	-15732327.000000000	
462	-15728801.000000000	
463	-15725418.000000000	
464	-15713959.000000000	
465	-15716020.000000000	
466	-15713905.000000000	
467	-15706288.000000000	
468	-15696617.000000000	
469	-15688616.000000000	
470	-15685155.000000000	
471	-15671970.000000000	
472	-15663590.000000000	
473	-15658974.000000000	
474	-15654995.000000000	
475	-15647447.000000000	
476	-15640978.000000000	
477	-15637587.000000000	
478	-15640612.000000000	
479	-15643689.000000000	
480	-15640167.000000000	
481	-15639071.000000000	
482	-15635920.000000000	
483	-15630404.000000000	
484	-15620162.000000000	
485	-15615065.000000000	
486	-15607391.000000000	
487	-15597994.000000000	
488	-15573801.000000000	
489	-15547504.000000000	
490	-15523434.000000000	
491	-15493221.000000000	
492	-15464492.000000000	
493	-15432996.000000000	
494	-15416677.000000000	
495	-15402652.000000000	
496	-15387300.000000000	
497	-15368359.000000000	
498	-15354616.000000000	
499	-15341694.000000000	
500	-15327354.000000000	
501	-15318189.000000000	
502	-15308071.000000000	
503	-15309475.000000000	
504	-15321865.000000000	
505	-15330179.000000000	
506	-15338706.000000000	
507	-15364168.000000000	
508	-15398589.000000000	
509	-15433019.000000000	
510	-15459251.000000000	
511	-15482111.000000000	
512	-15500435.000000000	
513	-15524445.000000000	
514	-15542626.000000000	
515	-15558688.000000000	
516	-15568323.000000000	
517	-15595073.000000000	
518	-15647427.000000000	
519	-15682649.000000000	
520	-15692137.000000000	
521	-15705193.000000000	
522	-15731728.000000000	
523	-15747332.000000000	
524	-15754760.000000000	
525	-15763399.000000000	
526	-15780017.000000000	
527	-15792997.000000000	
528	-15798643.000000000	
529	-15801011.000000000	
530	-15805747.000000000	
531	-15806077.000000000	
532	-15806544.000000000	
533	-15803727.000000000	
534	-15809409.000000000	
535	-15810804.000000000	
536	-15812464.000000000	
537	-15815413.000000000	
538	-15820913.000000000	
539	-15823289.000000000	
540	-15825840.000000000	
541	-15824364.000000000	
542	-15825709.000000000	
543	-15827244.000000000	
544	-15826808.000000000	
545	-15828601.000000000	
546	-15830983.000000000	
547	-15829192.000000000	
548	-15827653.000000000	
549	-15827387.000000000	
550	-15827078.000000000	
551	-15830913.000000000	
552	-15829310.000000000	
553	-15823681.000000000	
554	-15813826.000000000	
555	-15806924.000000000	
556	-15799388.000000000	
557	-15794490.000000000	
558	-15790202.000000000	
559	-15787582.000000000	
560	-15782528.000000000	
561	-15771063.000000000	
562	-15761520.000000000	
563	-15759029.000000000	
564	-15751543.000000000	
565	-15746626.000000000	
566	-15745157.000000000	
567	-15746247.000000000	
568	-15743941.000000000	
569	-15743362.000000000	
570	-15742720.000000000	
571	-15739884.000000000	
572	-15727474.000000000	
573	-15716855.000000000	
574	-15711663.000000000	
575	-15706614.000000000	
576	-15690593.000000000	
577	-15683611.000000000	
578	-15676583.000000000	
579	-15670373.000000000	
580	-15665774.000000000	
581	-15652902.000000000	
582	-15643106.000000000	
583	-15633372.000000000	
584	-15628900.000000000	
585	-15622240.000000000	
586	-15627680.000000000	
587	-15629595.000000000	
588	-15631071.000000000	
589	-15627817.000000000	
590	-15623847.000000000	
591	-15622368.000000000	
592	-15607652.000000000	
593	-15603930.000000000	
594	-15594692.000000000	
595	-15568406.000000000	
596	-15541028.000000000	
597	-15519590.000000000	
598	-15499105.000000000	
599	-15477418.000000000	
600	-15451307.000000000	
601	-15424741.000000000	
602	-15407848.000000000	
603	-15388636.000000000	
604	-15371489.000000000	
605	-15365726.000000000	
606	-15355936.000000000	
607	-15350546.000000000	
608	-15333016.000000000	
609	-15333487.000000000	
610	-15329063.000000000	
611	-15328802.000000000	
612	-15333014.000000000	
613	-15340037.000000000	
614	-15358577.000000000	
615	-15388510.000000000	
616	-15419186.000000000	
617	-15439552.000000000	
618	-15460498.000000000	
619	-15491151.000000000	
620	-15516548.000000000	
621	-15539412.000000000	
622	-15559333.000000000	
623	-15582240.000000000	
624	-15606904.000000000	
625	-15624892.000000000	
626	-15644145.000000000	
627	-15666203.000000000	
628	-15679506.000000000	
629	-15697564.000000000	
630	-15713112.000000000	
631	-15732876.000000000	
632	-15751566.000000000	
633	-15760410.000000000	
634	-15774160.000000000	
635	-15792316.000000000	
636	-15793278.000000000	
637	-15789573.000000000	
638	-15801226.000000000	
639	-15808385.000000000	
640	-15820281.000000000	
641	-15825393.000000000	
642	-15826162.000000000	
643	-15823421.000000000	
644	-15819414.000000000	
645	-15819338.000000000	
646	-15819842.000000000	
647	-15821622.000000000	
648	-15823666.000000000	
649	-15827897.000000000	
650	-15830276.000000000	
651	-15829504.000000000	
652	-15829181.000000000	
653	-15833800.000000000	
654	-15833157.000000000	
655	-15833152.000000000	
656	-15833292.000000000	
657	-15833941.000000000	
658	-15834002.000000000	
659	-15834963.000000000	
660	-15832010.000000000	
661	-15825411.000000000	
662	-15818947.000000000	
663	-15816076.000000000	
664	-15809868.000000000	
665	-15802452.000000000	
666	-15793041.000000000	
667	-15787104.000000000	
668	-15783352.000000000	
669	-15777219.000000000	
670	-15774917.000000000	
671	-15774914.000000000	
672	-15770117.000000000	
673	-15762747.000000000	
674	-15752516.000000000	
675	-15746703.000000000	
676	-15740564.000000000	
677	-15739164.000000000	
678	-15735387.000000000	
679	-15734489.000000000	
680	-15725258.000000000	
681	-15712893.000000000	
682	-15707954.000000000	
683	-15700032.000000000	
684	-15688392.000000000	
685	-15676867.000000000	
686	-15672253.000000000	
687	-15669441.000000000	
688	-15657980.000000000	
689	-15649651.000000000	
690	-15649903.000000000	
691	-15644387.000000000	
692	-15636955.000000000	
693	-15631319.000000000	
694	-15627282.000000000	
695	-15619274.000000000	
696	-15612605.000000000	
697	-15609843.000000000	
698	-15602096.000000000	
699	-15610897.000000000	
700	-15608732.000000000	
701	-15599138.000000000	
702	-15592863.000000000	
703	-15585369.000000000	
704	-15577094.000000000	
705	-15570818.000000000	
706	-15565025.000000000	
707	-15533211.000000000	
708	-15505451.000000000	
709	-15485943.000000000	
710	-15471291.000000000	
711	-15454020.000000000	
712	-15426554.000000000	
713	-15398474.000000000	
714	-15387289.000000000	
715	-15370002.000000000	
716	-15352806.000000000	
717	-15349934.000000000	
718	-15351277.000000000	
719	-15351654.000000000	
720	-15334960.000000000	
721	-15329215.000000000	
722	-15334658.000000000	
723	-15342458.000000000	
724	-15348844.000000000	
725	-15362010.000000000	
726	-15372491.000000000	
727	-15393137.000000000	
728	-15416056.000000000	
729	-15436303.000000000	
730	-15455398.000000000	
731	-15485678.000000000	
732	-15507093.000000000	
733	-15526359.000000000	
734	-15540192.000000000	
735	-15554211.000000000	
736	-15581102.000000000	
737	-15596017.000000000	
738	-15613610.000000000	
739	-15633621.000000000	
740	-15652033.000000000	
741	-15673807.000000000	
742	-15702547.000000000	
743	-15726355.000000000	
744	-15744254.000000000	
745	-15755774.000000000	
746	-15763511.000000000	
747	-15774005.000000000	
748	-15776198.000000000	
749	-15777235.000000000	
750	-15785548.000000000	
751	-15792966.000000000	
752	-15793803.000000000	
753	-15796104.000000000	
754	-15800137.000000000	
755	-15805324.000000000	
756	-15809235.000000000	
757	-15810130.000000000	
758	-15813827.000000000	
759	-15815674.000000000	
760	-15811684.000000000	
761	-15812141.000000000	
762	-15819785.000000000	
763	-15819596.000000000	
764	-15821318.000000000	
765	-15821126.000000000	
766	-15822605.000000000	
767	-15817671.000000000	
768	-15822096.000000000	
769	-15822740.000000000	
770	-15821645.000000000	
771	-15818998.000000000	
772	-15814053.000000000	
773	-15816881.000000000	
774	-15814200.000000000	
775	-15819195.000000000	
776	-15815295.000000000	
777	-15814157.000000000	
778	-15800656.000000000	
779	-15795040.000000000	
780	-15788333.000000000	
781	-15783038.000000000	
782	-15779656.000000000	
783	-15775938.000000000	
784	-15770562.000000000	
785	-15765241.000000000	
786	-15757762.000000000	
787	-15751497.000000000	
788	-15749718.000000000	
789	-15749727.000000000	
790	-15747606.000000000	
791	-15742421.000000000	
792	-15733832.000000000	
793	-15725441.000000000	
794	-15719355.000000000	
795	-15714434.000000000	
796	-15707137.000000000	
797	-15700222.000000000	
798	-15697277.000000000	
799	-15695927.000000000	
800	-15689783.000000000	
801	-15686279.000000000	
802	-15683523.000000000	
803	-15680563.000000000	
804	-15677814.000000000	
805	-15671985.000000000	
806	-15666095.000000000	
807	-15664882.000000000	
808	-15655912.000000000	
809	-15655842.000000000	
810	-15653032.000000000	
811	-15647521.000000000	
812	-15643547.000000000	
813	-15641309.000000000	
814	-15636697.000000000	
815	-15634646.000000000	
816	-15628758.000000000	
817	-15623127.000000000	
818	-15616540.000000000	
819	-15605716.000000000	
820	-15592023.000000000	
821	-15581148.000000000	
822	-15571733.000000000	
823	-15561887.000000000	
824	-15549994.000000000	
825	-15529123.000000000	
826	-15509208.000000000	
827	-15481741.000000000	
828	-15463506.000000000	
829	-15447248.000000000	
830	-15436111.000000000	
831	-15429522.000000000	
832	-15415439.000000000	
833	-15408975.000000000	
834	-15400415.000000000	
835	-15387949.000000000	
836	-15381413.000000000	
837	-15391377.000000000	
838	-15388305.000000000	
839	-15386306.000000000	
840	-15389684.000000000	
841	-15398195.000000000	
842	-15404539.000000000	
843	-15412810.000000000	
844	-15417987.000000000	
845	-15439361.000000000	
846	-15449098.000000000	
847	-15454205.000000000	
848	-15461591.000000000	
849	-15480328.000000000	
850	-15485779.000000000	
851	-15505833.000000000	
852	-15519029.000000000	
853	-15542404.000000000	
854	-15569027.000000000	
855	-15608429.000000000	
856	-15622255.000000000	
857	-15640847.000000000	
858	-15659576.000000000	
859	-15685230.000000000	
860	-15693997.000000000	
861	-15709068.000000000	
862	-15719309.000000000	
863	-15736396.000000000	
864	-15736451.000000000	
865	-15747013.000000000	
866	-15760064.000000000	
867	-15777992.000000000	
868	-15787298.000000000	
869	-15792627.000000000	
870	-15796788.000000000	
871	-15801969.000000000	
872	-15807035.000000000	
873	-15808830.000000000	
874	-15813769.000000000	
875	-15812231.000000000	
876	-15813577.000000000	
877	-15816451.000000000	
878	-15818182.000000000	
879	-15817088.000000000	
880	-15820484.000000000	
881	-15822973.000000000	
882	-15824948.000000000	
883	-15822703.000000000	
884	-15818856.000000000	
885	-15816794.000000000	
886	-15820953.000000000	
887	-15822372.000000000	
888	-15822890.000000000	
889	-15825889.000000000	
890	-15827232.000000000	
891	-15826263.000000000	
892	-15827153.000000000	
893	-15821018.000000000	
894	-15816602.000000000	
895	-15814687.000000000	
896	-15815459.000000000	
897	-15814252.000000000	
898	-15804710.000000000	
899	-15807721.000000000	
900	-15803306.000000000	
901	-15796704.000000000	
902	-15793697.000000000	
903	-15792100.000000000	
904	-15790380.000000000	
905	-15784305.000000000	
906	-15778998.000000000	
907	-15770423.000000000	
908	-15762043.000000000	
909	-15761231.000000000	
910	-15761044.000000000	
911	-15760783.000000000	
912	-15752067.000000000	
913	-15748102.000000000	
914	-15748241.000000000	
915	-15745553.000000000	
916	-15746897.000000000	
917	-15743251.000000000	
918	-15741143.000000000	
919	-15738709.000000000	
920	-15733016.000000000	
921	-15729745.000000000	
922	-15730070.000000000	
923	-15731716.000000000	
924	-15727681.000000000	
925	-15720906.000000000	
926	-15716946.000000000	
927	-15716360.000000000	
928	-15709506.000000000	
929	-15699391.000000000	
930	-15687737.000000000	
931	-15681457.000000000	
932	-15668143.000000000	
933	-15659825.000000000	
934	-15654580.000000000	
935	-15645103.000000000	
936	-15634151.000000000	
937	-15619851.000000000	
938	-15615372.000000000	
939	-15617857.000000000	
940	-15617846.000000000	
941	-15612864.000000000	
942	-15607353.000000000	
943	-15609548.000000000	
944	-15606157.000000000	
945	-15594057.000000000	
946	-15584628.000000000	
947	-15570734.000000000	
948	-15553547.000000000	
949	-15538968.000000000	
950	-15525794.000000000	
951	-15513171.000000000	
952	-15492689.000000000	
953	-15471072.000000000	
954	-15440290.000000000	
955	-15418962.000000000	
956	-15398354.000000000	
957	-15372001.000000000	
958	-15367206.000000000	
959	-15368094.000000000	
960	-15354396.000000000	
961	-15335891.000000000	
962	-15330967.000000000	
963	-15342601.000000000	
964	-15347009.000000000	
965	-15358973.000000000	
966	-15352634.000000000	
967	-15359424.000000000	
968	-15377609.000000000	
969	-15393296.000000000	
970	-15408801.000000000	
971	-15422996.000000000	
972	-15448068.000000000	
973	-15474303.000000000	
974	-15494280.000000000	
975	-15512156.000000000	
976	-15533347.000000000	
977	-15556142.000000000	
978	-15584568.000000000	
979	-15602985.000000000	
980	-15622120.000000000	
981	-15646987.000000000	
982	-15675713.000000000	
983	-15685639.000000000	
984	-15699339.000000000	
985	-15710271.000000000	
986	-15732661.000000000	
987	-15742712.000000000	
988	-15749324.000000000	
989	-15757158.000000000	
990	-15771884.000000000	
991	-15778852.000000000	
992	-15793576.000000000	
993	-15795956.000000000	
994	-15800759.000000000	
995	-15807622.000000000	
996	-15816470.000000000	
997	-15824022.000000000	
998	-15825101.000000000	
999	-15829696.000000000	
1000	-15831875.000000000	
1001	-15837122.000000000	
1002	-15836483.000000000	
1003	-15839943.000000000	
1004	-15842946.000000000	
1005	-15840329.000000000	
1006	-15839821.000000000	
1007	-15840782.000000000	
1008	-15844696.000000000	
1009	-15851344.000000000	
1010	-15851722.000000000	
1011	-15855557.000000000	
1012	-15851842.000000000	
1013	-15854973.000000000	
1014	-15853119.000000000	
1015	-15856770.000000000	
1016	-15856448.000000000	
1017	-15854589.000000000	
1018	-15854145.000000000	
1019	-15844543.000000000	
1020	-15837759.000000000	
1021	-15832825.000000000	
1022	-15829816.000000000	
1023	-15829496.000000000	
1024	-15824182.000000000	
1025	-15821878.000000000	
1026	-15821692.000000000	
1027	-15816699.000000000	
1028	-15812844.000000000	
1029	-15802025.000000000	
1030	-15801325.000000000	
1031	-15799917.000000000	
1032	-15793891.000000000	
1033	-15781521.000000000	
1034	-15768863.000000000	
1035	-15764214.000000000	
1036	-15755456.000000000	
1037	-15746943.000000000	
1038	-15742264.000000000	
1039	-15738227.000000000	
1040	-15738115.000000000	
1041	-15734858.000000000	
1042	-15732171.000000000	
1043	-15730257.000000000	
1044	-15725266.000000000	
1045	-15725335.000000000	
1046	-15721246.000000000	
1047	-15720348.000000000	
1048	-15715347.000000000	
1049	-15713857.000000000	
1050	-15708933.000000000	
1051	-15707656.000000000	
1052	-15708422.000000000	
1053	-15706577.000000000	
1054	-15701708.000000000	
1055	-15696389.000000000	
1056	-15698059.000000000	
1057	-15694674.000000000	
1058	-15693773.000000000	
1059	-15689100.000000000	
1060	-15679935.000000000	
1061	-15675715.000000000	
1062	-15672258.000000000	
1063	-15668296.000000000	
1064	-15662587.000000000	
1065	-15657011.000000000	
1066	-15648937.000000000	
1067	-15647081.000000000	
1068	-15645531.000000000	
1069	-15647047.000000000	
1070	-15648135.000000000	
1071	-15644248.000000000	
1072	-15636514.000000000	
1073	-15636970.000000000	
1074	-15632416.000000000	
1075	-15618645.000000000	
1076	-15609170.000000000	
1077	-15603550.000000000	
1078	-15603992.000000000	
1079	-15589974.000000000	
1080	-15578006.000000000	
1081	-15558345.000000000	
1082	-15531326.000000000	
1083	-15508500.000000000	
1084	-15484825.000000000	
1085	-15456032.000000000	
1086	-15440987.000000000	
1087	-15429007.000000000	
1088	-15412701.000000000	
1089	-15388818.000000000	
1090	-15368472.000000000	
1091	-15345277.000000000	
1092	-15331644.000000000	
1093	-15320499.000000000	
1094	-15321381.000000000	
1095	-15320176.000000000	
1096	-15326059.000000000	
1097	-15335477.000000000	
1098	-15340663.000000000	
1099	-15348753.000000000	
1100	-15365511.000000000	
1101	-15381170.000000000	
1102	-15399468.000000000	
1103	-15416501.000000000	
1104	-15434236.000000000	
1105	-15445761.000000000	
1106	-15460764.000000000	
1107	-15474130.000000000	
1108	-15504036.000000000	
1109	-15524067.000000000	
1110	-15553231.000000000	
1111	-15584723.000000000	
1112	-15606414.000000000	
1113	-15620747.000000000	
1114	-15634440.000000000	
1115	-15660874.000000000	
1116	-15678200.000000000	
1117	-15700670.000000000	
1118	-15713978.000000000	
1119	-15727103.000000000	
1120	-15738513.000000000	
1121	-15749347.000000000	
1122	-15763433.000000000	
1123	-15775084.000000000	
1124	-15787438.000000000	
1125	-15790651.000000000	
1126	-15797435.000000000	
1127	-15807031.000000000	
1128	-15815800.000000000	
1129	-15826877.000000000	
1130	-15836278.000000000	
1131	-15836606.000000000	
1132	-15840186.000000000	
1133	-15847664.000000000	
1134	-15852967.000000000	
1135	-15855668.000000000	
1136	-15853059.000000000	
1137	-15864630.000000000	
1138	-15872944.000000000	
1139	-15867507.000000000	
1140	-15866933.000000000	
1141	-15868397.000000000	
1142	-15872359.000000000	
1143	-15872107.000000000	
1144	-15877555.000000000	
1145	-15881140.000000000	
1146	-15879339.000000000	
1147	-15875303.000000000	
1148	-15873253.000000000	
1149	-15872941.000000000	
1150	-15874928.000000000	
1151	-15877099.000000000	
1152	-15880873.000000000	
1153	-15884969.000000000	
1154	-15887404.000000000	
1155	-15886190.000000000	
1156	-15887921.000000000	
1157	-15888182.000000000	
1158	-15891323.000000000	
1159	-15892285.000000000	
1160	-15890690.000000000	
1161	-15884926.000000000	
1162	-15876656.000000000	
1163	-15875042.000000000	
1164	-15869330.000000000	
1165	-15862037.000000000	
1166	-15859933.000000000	
1167	-15855204.000000000	
1168	-15855534.000000000	
1169	-15848742.000000000	
1170	-15843804.000000000	
1171	-15834134.000000000	
1172	-15825494.000000000	
1173	-15815957.000000000	
1174	-15809508.000000000	
1175	-15804395.000000000	
1176	-15796469.000000000	
1177	-15788020.000000000	
1178	-15781436.000000000	
1179	-15780796.000000000	
1180	-15778110.000000000	
1181	-15772344.000000000	
1182	-15771835.000000000	
1183	-15772409.000000000	
1184	-15773432.000000000	
1185	-15773693.000000000	
1186	-15772099.000000000	
1187	-15771527.000000000	
1188	-15769096.000000000	
1189	-15768453.000000000	
1190	-15770503.000000000	
1191	-15769925.000000000	
1192	-15770755.000000000	
1193	-15771842.000000000	
1194	-15767365.000000000	
1195	-15765061.000000000	
1196	-15760524.000000000	
1197	-15757582.000000000	
1198	-15755216.000000000	
1199	-15754824.000000000	
1200	-15754119.000000000	
1201	-15754442.000000000	
1202	-15744015.000000000	
1203	-15742102.000000000	
1204	-15733462.000000000	
1205	-15719288.000000000	
1206	-15715828.000000000	
1207	-15727445.000000000	
1208	-15731540.000000000	
1209	-15734350.000000000	
1210	-15739660.000000000	
1211	-15742591.000000000	
1212	-15745518.000000000	
1213	-15740969.000000000	
1214	-15739254.000000000	
1215	-15731585.000000000	
1216	-15732232.000000000	
1217	-15726025.000000000	
1218	-15718915.000000000	
1219	-15719021.000000000	
1220	-15710899.000000000	
1221	-15697914.000000000	
1222	-15690747.000000000	
1223	-15685494.000000000	
1224	-15665839.000000000	
1225	-15641012.000000000	
1226	-15618161.000000000	
1227	-15595119.000000000	
1228	-15573480.000000000	
1229	-15552492.000000000	
1230	-15536232.000000000	
1231	-15525270.000000000	
1232	-15501404.000000000	
1233	-15474089.000000000	
1234	-15446815.000000000	
1235	-15436770.000000000	
1236	-15423451.000000000	
1237	-15416843.000000000	
1238	-15414983.000000000	
1239	-15425094.000000000	
1240	-15444876.000000000	
1241	-15456734.000000000	
1242	-15470384.000000000	
1243	-15479587.000000000	
1244	-15493214.000000000	
1245	-15513944.000000000	
1246	-15527255.000000000	
1247	-15539993.000000000	
1248	-15555485.000000000	
1249	-15580132.000000000	
1250	-15596889.000000000	
1251	-15617507.000000000	
1252	-15643286.000000000	
1253	-15674579.000000000	
1254	-15703310.000000000	
1255	-15711316.000000000	
1256	-15730569.000000000	
1257	-15744252.000000000	
1258	-15770626.000000000	
1259	-15793561.000000000	
1260	-15811521.000000000	
1261	-15818057.000000000	
1262	-15823424.000000000	
1263	-15830854.000000000	
1264	-15842925.000000000	
1265	-15847080.000000000	
1266	-15856286.000000000	
1267	-15863386.000000000	
1268	-15867803.000000000	
1269	-15870789.000000000	
1270	-15878644.000000000	
1271	-15882673.000000000	
1272	-15897201.000000000	
1273	-15900252.000000000	
1274	-15902812.000000000	
1275	-15908815.000000000	
1276	-15915794.000000000	
1277	-15912914.000000000	
1278	-15910862.000000000	
1279	-15909640.000000000	
1280	-15904115.000000000	
1281	-15909493.000000000	
1282	-15918494.000000000	
1283	-15927936.000000000	
1284	-15921472.000000000	
1285	-15937818.000000000	
1286	-15974797.000000000	
1287	-16013441.000000000	
1288	-16022908.000000000	
1289	-16039555.000000000	
1290	-16050823.000000000	
1291	-16039297.000000000	
1292	-16056063.000000000	
1293	-16056062.000000000	
1294	NaN	
