Amplitude Error Setpoint: 0.25(V)
Drive Frequency(kHz), Amplitude Error(V), Phase()
284.24 -0.19653 -57.843
284.24 -0.19565 -58.98
284.25 -0.19638 -60.875
284.25 -0.19519 -61.095
284.26 -0.19495 -62.644
284.27 -0.19461 -62.886
284.27 -0.1947 -64.424
284.28 -0.19455 -65.44
284.28 -0.1929 -66.687
284.29 -0.19308 -67.571
284.29 -0.19345 -69.252
284.3 -0.19299 -70.236
284.3 -0.19254 -71.06
284.31 -0.19153 -72.279
284.32 -0.19144 -73.279
284.32 -0.19171 -74.531
284.33 -0.19067 -75.586
284.33 -0.1907 -76.624
284.34 -0.19092 -77.712
284.34 -0.18958 -79.096
284.35 -0.18909 -79.98
284.36 -0.18945 -80.612
284.36 -0.18793 -82.321
284.37 -0.18805 -82.985
284.37 -0.18796 -84.644
284.38 -0.18704 -85.067
284.38 -0.18729 -86.012
284.39 -0.18622 -87.561
284.39 -0.18582 -88.05
284.4 -0.186 -89.989
284.41 -0.18518 -90.417
284.41 -0.18445 -91.95
284.42 -0.18488 -93.038
284.42 -0.18405 -93.505
284.43 -0.18378 -94.697
284.43 -0.18359 -95.565
284.44 -0.18213 -97.064
284.44 -0.18222 -98.196
284.45 -0.18201 -99.24
284.46 -0.18085 -99.651
284.46 -0.18051 -101.22
284.47 -0.18085 -102.17
284.47 -0.17999 -102.95
284.48 -0.17914 -104.37
284.48 -0.17896 -105.27
284.49 -0.17911 -106.15
284.49 -0.17856 -107.5
284.5 -0.17755 -108.25
284.51 -0.17697 -109.28
284.51 -0.17657 -110
284.52 -0.17596 -111.02
284.52 -0.17526 -111.79
284.53 -0.17453 -113.16
284.53 -0.17465 -113.82
284.54 -0.17459 -114.49
284.54 -0.17319 -115.48
284.55 -0.17294 -116.84
284.56 -0.17224 -117.89
284.56 -0.172 -118.91
284.57 -0.1709 -119.9
284.57 -0.17023 -120.88
284.58 -0.16962 -121.87
284.58 -0.16943 -122.83
284.59 -0.16904 -123.74
284.6 -0.16815 -124.64
284.6 -0.16769 -125.71
284.61 -0.16672 -126.78
284.61 -0.16611 -127.39
284.62 -0.16562 -128.74
284.62 -0.16498 -129.3
284.63 -0.16455 -129.71
284.63 -0.16373 -131.06
284.64 -0.16299 -131.49
284.65 -0.16257 -132.9
284.65 -0.16202 -133.74
284.66 -0.16098 -134.25
284.66 -0.16013 -135.08
284.67 -0.15942 -136.61
284.67 -0.15845 -136.97
284.68 -0.15814 -138.37
284.68 -0.15765 -138.78
284.69 -0.15671 -140.36
284.7 -0.15588 -140.34
284.7 -0.15671 -141.83
284.71 -0.15567 -142.49
284.71 -0.1539 -143.44
284.72 -0.15283 -144.53
284.72 -0.15207 -145.11
284.73 -0.15265 -145.34
284.73 -0.15054 -146.18
284.74 -0.1499 -147.71
284.75 -0.14899 -148.36
284.75 -0.14859 -149.19
284.76 -0.14819 -150.14
284.76 -0.1467 -150.79
284.77 -0.14587 -151.93
284.77 -0.14514 -152.39
284.78 -0.14484 -153.65
284.78 -0.14362 -154.4
284.79 -0.14255 -155.07
284.8 -0.14151 -156.11
284.8 -0.14096 -157.05
284.81 -0.13986 -157.69
284.81 -0.13834 -158.71
284.82 -0.13837 -159.27
284.82 -0.13712 -160.04
284.83 -0.13577 -161.02
284.84 -0.13559 -161.65
284.84 -0.13455 -162.97
284.85 -0.13306 -163.19
284.85 -0.13287 -164.73
284.86 -0.13156 -165.2
284.86 -0.13004 -166.16
284.87 -0.12933 -167.07
284.87 -0.1282 -167.57
284.88 -0.12744 -168.6
284.89 -0.12631 -169.01
284.89 -0.12451 -170.18
284.9 -0.12457 -170.7
284.9 -0.12268 -171.58
284.91 -0.12128 -172.67
284.91 -0.12128 -173.24
284.92 -0.1199 -174.03
284.92 -0.1192 -175.04
284.93 -0.11774 -175.79
284.94 -0.11685 -176.7
284.94 -0.11526 -177.21
284.95 -0.11456 -178.45
284.95 -0.11243 -178.95
284.96 -0.11182 -179.96
284.96 -0.11066 179.19
284.97 -0.10934 178.79
284.97 -0.10809 177.61
284.98 -0.10742 176.82
284.99 -0.10654 176.24
284.99 -0.10486 175.36
285 -0.10284 174.37
285 -0.10214 173.52
285.01 -0.10046 172.81
285.01 -0.098999 172.14
285.02 -0.098328 171.11
285.02 -0.097046 170.4
285.03 -0.095459 169.39
285.04 -0.092987 168.79
285.04 -0.092743 167.85
285.05 -0.090881 166.91
285.05 -0.08902 166.38
285.06 -0.087921 165.42
285.06 -0.08606 164.55
285.07 -0.084991 163.76
285.08 -0.083923 162.77
285.08 -0.082031 161.97
285.09 -0.080719 161.15
285.09 -0.079376 160.39
285.1 -0.077759 159.25
285.1 -0.07605 158.7
285.11 -0.074371 158.09
285.11 -0.07254 156.84
285.12 -0.070587 156.1
285.13 -0.069092 154.96
285.13 -0.067017 154.47
285.14 -0.06543 153.65
285.14 -0.064301 152.67
285.15 -0.062622 151.7
285.15 -0.061127 151.06
285.16 -0.058563 150.25
285.16 -0.057129 148.97
285.17 -0.056305 148.35
285.18 -0.053131 147.2
285.18 -0.052063 146.55
285.19 -0.050079 145.62
285.19 -0.048004 144.68
285.2 -0.045349 143.69
285.2 -0.044556 143.03
285.21 -0.041718 141.97
285.21 -0.039978 141.2
285.22 -0.038055 140.19
285.23 -0.035767 139.3
285.23 -0.033722 138.36
285.24 -0.031006 137.53
285.24 -0.030029 136.49
285.25 -0.027405 135.52
285.25 -0.025116 134.6
285.26 -0.022339 134.02
285.26 -0.021149 132.83
285.27 -0.017822 131.78
285.28 -0.016541 130.86
285.28 -0.01413 130.04
285.29 -0.011322 128.92
285.29 -0.0086365 127.86
285.3 -0.0059814 127.14
285.3 -0.0038452 125.98
285.31 -0.0015564 124.97
285.32 0.0016174 124.03
285.32 0.0041809 123
285.33 0.0067444 121.98
285.33 0.0098877 120.95
285.34 0.013397 119.94
285.34 0.01474 118.81
285.35 0.018494 117.89
285.35 0.020386 116.8
285.36 0.023499 115.68
285.37 0.027496 114.6
285.37 0.03009 113.67
285.38 0.033478 112.54
285.38 0.035828 111.34
285.39 0.039368 110.19
285.39 0.041748 109.29
285.4 0.045532 108.04
285.4 0.048462 106.84
285.41 0.051758 105.83
285.42 0.055511 104.56
285.42 0.05899 103.39
285.43 0.062012 102.33
285.43 0.065247 101.11
285.44 0.068542 99.855
285.44 0.073364 98.575
285.45 0.076447 97.35
285.45 0.079712 96.191
285.46 0.083893 94.757
285.47 0.087158 93.642
285.47 0.091583 92.208
285.48 0.09552 91.005
285.48 0.098907 89.731
285.49 0.10184 88.264
285.49 0.10645 87.028
285.5 0.11087 85.556
285.5 0.11407 84.216
285.51 0.1185 82.798
285.52 0.12216 81.392
285.52 0.12607 79.986
285.53 0.13037 78.541
285.53 0.13474 77.119
285.54 0.13861 75.553
285.54 0.14246 74.081
285.55 0.14673 72.488
285.56 0.15143 71.049
285.56 0.15524 69.521
285.57 0.15823 67.901
285.57 0.16309 66.357
285.58 0.16727 64.742
285.58 0.17233 63.298
285.59 0.17566 61.534
285.59 0.17902 59.826
285.6 0.18365 58.206
285.61 0.18787 56.525
285.61 0.19174 54.921
285.62 0.1951 53.086
285.62 0.19901 51.251
285.63 0.20251 49.532
285.63 0.20535 47.664
285.64 0.20956 45.967
285.64 0.21204 44.171
285.65 0.21692 42.38
285.66 0.21887 40.512
285.66 0.22153 38.568
285.67 0.22476 36.788
285.67 0.22797 34.986
285.68 0.23096 33.036
285.68 0.23215 31.08
285.69 0.23563 29.158
285.69 0.23718 27.186
285.7 0.23892 25.28
285.71 0.24008 23.313
285.71 0.24237 21.352
285.72 0.24374 19.413
285.72 0.2453 17.49
285.73 0.24646 15.43
285.73 0.24789 13.392
285.74 0.2489 11.486
285.74 0.24887 9.4098
285.75 0.25027 7.4487
285.76 0.25043 5.4382
285.76 0.25064 3.3728
285.77 0.25089 1.4172
285.77 0.25043 -0.69763
285.78 0.25049 -2.6202
285.78 0.24957 -4.7736
285.79 0.24948 -6.7072
285.8 0.24869 -8.7396
285.8 0.24774 -10.778
285.81 0.24686 -12.843
285.81 0.24576 -14.826
285.82 0.24463 -16.946
285.82 0.24304 -18.984
285.83 0.24219 -20.973
285.83 0.23975 -22.972
285.84 0.2388 -25.082
285.85 0.23721 -27.054
285.85 0.23608 -29.075
285.86 0.23383 -31.146
285.86 0.23233 -33.157
285.87 0.22952 -35.316
285.87 0.22748 -37.277
285.88 0.22552 -39.337
285.88 0.22272 -41.331
285.89 0.22067 -43.396
285.9 0.21884 -45.505
285.9 0.21616 -47.582
285.91 0.21341 -49.664
285.91 0.21054 -51.68
285.92 0.20792 -53.756
285.92 0.20496 -55.827
285.93 0.20242 -57.898
285.93 0.19916 -59.991
285.94 0.19635 -62.117
285.95 0.19327 -64.16
285.95 0.19092 -66.324
285.96 0.18784 -68.423
285.96 0.18417 -70.51
285.97 0.18088 -72.686
285.97 0.17719 -74.8
285.98 0.1745 -76.97
285.98 0.17072 -78.953
285.99 0.16705 -81.227
286 0.16272 -83.414
286 0.15939 -85.573
286.01 0.15433 -87.665
286.01 0.15134 -89.89
286.02 0.14731 -91.978
286.02 0.14352 -94.142
286.03 0.13773 -96.465
286.04 0.13467 -98.465
286.04 0.12863 -100.74
286.05 0.12518 -103.04
286.05 0.12027 -105.08
286.06 0.11685 -107.21
286.06 0.11115 -109.43
286.07 0.10596 -111.56
286.07 0.10159 -113.75
286.08 0.096924 -115.91
286.09 0.092072 -118.06
286.09 0.08667 -120.17
286.1 0.081512 -122.43
286.1 0.077545 -124.6
286.11 0.071503 -126.6
286.11 0.066406 -128.71
286.12 0.061188 -130.78
286.12 0.056885 -132.89
286.13 0.050995 -134.71
286.14 0.04538 -137.06
286.14 0.04007 -139.08
286.15 0.036255 -141.13
286.15 0.03067 -142.98
286.16 0.025208 -144.95
286.16 0.019287 -147.15
286.17 0.015564 -148.86
286.17 0.010498 -150.97
286.18 0.0044861 -152.81
286.19 0.00018311 -154.62
286.19 -0.0044861 -156.58
286.2 -0.0087891 -158.58
286.2 -0.014374 -160.14
286.21 -0.019012 -162.03
286.21 -0.022736 -163.84
286.22 -0.027008 -165.61
286.22 -0.032379 -167.35
286.23 -0.036041 -168.8
286.24 -0.040771 -170.72
286.24 -0.044189 -172.28
286.25 -0.048523 -173.91
286.25 -0.052368 -175.54
286.26 -0.056305 -177.31
286.26 -0.059875 -178.76
286.27 -0.064087 179.7
286.28 -0.06723 178.1
286.28 -0.070862 176.48
286.29 -0.075073 175.11
286.29 -0.077515 173.51
286.3 -0.080536 172.39
286.3 -0.083801 170.7
286.31 -0.087311 169.45
286.31 -0.090027 167.67
286.32 -0.092957 166.44
286.33 -0.095673 165.17
286.33 -0.098938 163.81
286.34 -0.10132 162.47
286.34 -0.10367 160.89
286.35 -0.10687 159.48
286.35 -0.10858 158.44
286.36 -0.11258 157.08
286.36 -0.11316 155.58
286.37 -0.11578 154.67
286.38 -0.11832 153.4
286.38 -0.12009 152.08
286.39 -0.12271 150.88
286.39 -0.12524 149.74
286.4 -0.12659 148.56
286.4 -0.12872 147.35
286.41 -0.13055 146.07
286.41 -0.13281 145.15
286.42 -0.13391 143.79
286.43 -0.13614 142.67
286.43 -0.13733 141.59
286.44 -0.13922 140.53
286.44 -0.14072 139.2
286.45 -0.14212 138.08
286.45 -0.14383 137.13
286.46 -0.14532 135.86
286.46 -0.14685 134.69
286.47 -0.14758 134.03
286.48 -0.14999 132.9
286.48 -0.15079 131.75
286.49 -0.15198 130.39
286.49 -0.15338 129.59
286.5 -0.15421 129.14
286.5 -0.15579 127.49
286.51 -0.15726 126.95
286.52 -0.15723 125.81
286.52 -0.15866 124.96
286.53 -0.15997 123.67
286.53 -0.16177 122.42
286.54 -0.16251 121.46
286.54 -0.16345 120.85
286.55 -0.16385 120.23
286.55 -0.16516 118.99
286.56 -0.16611 117.3
286.57 -0.16696 117.22
286.57 -0.16797 116.08
286.58 -0.16891 115.38
286.58 -0.1694 114.48
286.59 -0.17059 112.72
286.59 -0.17157 112.44
286.6 -0.17218 111.35
286.6 -0.17303 110.21
286.61 -0.17303 109.35
286.62 -0.17499 109.4
286.62 -0.17505 107.33
286.63 -0.17557 106.98
286.63 -0.177 106.27
286.64 -0.17719 104.85
286.64 -0.17822 104.13
286.65 -0.17868 103.05
286.65 -0.17929 101.85
286.66 -0.18002 101.84
286.67 -0.18073 100.48
286.67 -0.18121 99.152
286.68 -0.1813 98.806
286.68 -0.18237 97.042
286.69 -0.18292 96.707
286.69 -0.18338 96.158
286.7 -0.18445 94.938
286.7 -0.18509 94.757
286.71 -0.18439 93.246
286.72 -0.1857 92.642
286.72 -0.18604 92.379
286.73 -0.18655 91.571
286.73 -0.18692 90.385
286.74 -0.18701 89.187
286.74 -0.18781 87.632
286.75 -0.189 87.16
286.76 -0.18866 86.254
286.76 -0.1893 85.957
286.77 -0.18994 84.348
286.77 -0.19089 84.337
286.78 -0.19156 82.606
286.78 -0.19147 81.513
286.79 -0.19211 81.299
286.79 -0.19263 80.42
286.8 -0.1936 79.107
286.81 -0.19385 79.052
286.81 -0.19382 77.179
286.82 -0.19482 76.547
286.82 -0.19556 75.811
286.83 -0.19568 74.927
286.83 -0.19629 74.279
286.84 -0.1965 73.394
286.84 -0.19699 72.664
286.85 -0.19781 72.142
286.86 -0.1983 69.703
286.86 -0.19846 69.401
286.87 -0.19922 69.016
286.87 -0.19971 67.582
286.88 -0.19995 67.291
286.88 -0.20065 65.934
286.89 -0.20087 65.457
286.89 -0.20172 63.962
286.9 -0.20218 63.842
286.91 -0.20203 62.985
286.91 -0.20352 61.183
286.92 -0.20322 59.832
286.92 -0.20432 59.436
286.93 -0.2034 58.64
286.93 -0.20474 57.98
286.94 -0.20511 56.865
286.94 -0.20554 56.305
286.95 -0.20731 55.613
286.96 -0.20642 54.734
286.96 -0.20691 54.366
286.97 -0.20706 52.366
286.97 -0.20868 51.35
286.98 -0.20966 49.285
286.98 -0.20898 50.422
286.99 -0.20966 48.73
287 -0.21027 47.28
287 -0.21042 47.615
287.01 -0.21204 46.263
287.01 -0.21115 46.34
287.02 -0.21243 45.071
287.02 -0.21332 43.319
287.03 -0.21365 42.935
287.03 -0.21451 41.039
287.04 -0.21503 40.419
287.05 -0.21561 41.144
287.05 -0.21582 39.221
287.06 -0.21658 37.76
287.06 -0.21625 37.101
287.07 -0.21692 35.711
287.07 -0.21832 35.925
287.08 -0.21854 34.722
287.08 -0.21933 34.069
287.09 -0.22028 33.129
