-2.857766E-4 28365
0.002858371 1355
0.006002519 888
0.009146667 711
0.01229081 526
0.01543496 484
0.01857911 345
0.02172326 284
0.02486741 257
0.02801156 197
0.03115571 173
0.03429985 161
0.037444 129
0.04058815 130
0.0437323 131
0.04687645 111
0.0500206 110
0.05316475 125
0.0563089 83
0.05945304 95
0.06259719 88
0.06574134 96
0.06888548 79
0.07202963 66
0.07517377 66
0.07831792 56
0.08146206 67
0.08460621 58
0.08775035 59
0.0908945 41
0.09403864 47
0.09718279 42
0.1003269 44
0.1034711 38
0.1066152 31
0.1097594 51
0.1129035 40
0.1160477 39
0.1191918 40
0.1223359 38
0.1254801 39
0.1286242 28
0.1317684 36
0.1349125 30
0.1380567 35
0.1412008 29
0.144345 32
0.1474891 40
0.1506333 28
0.1537774 24
0.1569216 45
0.1600657 30
0.1632098 41
0.166354 35
0.1694981 36
0.1726423 29
0.1757864 35
0.1789306 28
0.1820747 25
0.1852189 25
0.188363 29
0.1915071 20
0.1946513 31
0.1977954 23
0.2009396 29
0.2040837 33
0.2072279 24
0.210372 28
0.2135162 18
0.2166603 23
0.2198045 32
0.2229486 28
0.2260927 31
0.2292369 24
0.232381 25
0.2355252 26
0.2386693 32
0.2418135 21
0.2449576 21
0.2481018 18
0.2512459 28
0.2543901 17
0.2575342 24
0.2606784 29
0.2638225 26
0.2669666 24
0.2701108 17
0.2732549 23
0.2763991 24
0.2795432 27
0.2826874 23
0.2858315 21
0.2889757 16
0.2921198 18
0.2952639 26
0.2984081 16
0.3015522 24
0.3046964 19
0.3078405 16
0.3109847 16
0.3141288 13
0.317273 16
0.3204171 17
0.3235613 21
0.3267054 26
0.3298495 15
0.3329937 14
0.3361378 16
0.339282 26
0.3424261 10
0.3455703 17
0.3487144 22
0.3518586 21
0.3550027 18
0.3581468 18
0.361291 21
0.3644351 18
0.3675793 16
0.3707234 18
0.3738676 14
0.3770117 17
0.3801559 14
0.3833 16
0.3864442 14
0.3895883 16
0.3927324 16
0.3958766 15
0.3990207 18
0.4021649 13
0.405309 16
0.4084532 12
0.4115973 24
0.4147415 14
0.4178856 15
0.4210297 17
0.4241739 21
0.427318 16
0.4304622 17
0.4336063 14
0.4367505 18
0.4398946 21
0.4430388 20
0.4461829 13
0.4493271 10
0.4524712 18
0.4556153 14
0.4587595 13
0.4619036 14
0.4650478 21
0.4681919 25
0.4713361 17
0.4744802 14
0.4776244 17
0.4807685 13
0.4839126 10
0.4870568 11
0.4902009 16
0.4933451 14
0.4964892 14
0.4996334 19
0.5027775 20
0.5059217 18
0.5090658 17
0.51221 10
0.5153541 16
0.5184982 25
0.5216424 20
0.5247865 15
0.5279307 24
0.5310748 27
0.534219 21
0.5373631 17
0.5405073 25
0.5436514 24
0.5467955 23
0.5499397 22
0.5530838 19
0.556228 16
0.5593721 13
0.5625163 17
0.5656604 22
0.5688046 22
0.5719487 19
0.5750929 19
0.578237 28
0.5813811 27
0.5845253 27
0.5876694 25
0.5908136 14
0.5939577 17
0.5971019 18
0.600246 21
0.6033902 24
0.6065343 15
0.6096784 20
0.6128226 25
0.6159667 21
0.6191109 27
0.622255 27
0.6253992 32
0.6285433 32
0.6316875 29
0.6348316 24
0.6379758 35
0.6411199 32
0.644264 30
0.6474082 28
0.6505523 30
0.6536965 26
0.6568406 25
0.6599848 31
0.6631289 36
0.6662731 30
0.6694172 35
0.6725613 33
0.6757055 35
0.6788496 32
0.6819938 32
0.6851379 45
0.6882821 44
0.6914262 59
0.6945704 43
0.6977145 25
0.7008587 39
0.7040028 46
0.7071469 36
0.7102911 51
0.7134352 56
0.7165794 54
0.7197235 53
0.7228677 48
0.7260118 55
0.729156 69
0.7323001 84
0.7354442 93
0.7385884 121
0.7417325 151
0.7448767 140
0.7480208 168
0.751165 191
0.7543091 191
0.7574533 194
0.7605974 237
0.7637416 252
0.7668857 259
0.7700298 277
0.773174 321
0.7763181 429
0.7794623 533
0.7826064 595
0.7857506 599
0.7888947 611
0.7920389 603
0.795183 654
0.7983271 676
0.8014713 696
0.8046154 703
0.8077596 712
0.8109037 767
0.8140479 751
0.817192 808
0.8203362 764
0.8234803 799
0.8266245 803
0.8297686 855
0.8329127 933
0.8360569 885
0.839201 979
0.8423452 938
0.8454893 1080
0.8486335 1107
0.8517776 1183
0.8549218 1266
0.8580659 1414
0.86121 1499
0.8643542 1564
0.8674983 1778
0.8706425 1983
0.8737866 2214
0.8769308 2313
0.8800749 2482
0.8832191 2776
0.8863632 2978
0.8895074 3065
0.8926515 3204
0.8957956 3607
0.8989398 3783
0.9020839 4044
0.9052281 4365
0.9083722 4540
0.9115164 4763
0.9146605 4914
0.9178047 5419
0.9209488 5702
0.9240929 6107
0.9272371 6789
0.9303812 7292
0.9335254 7720
0.9366695 8487
0.9398137 9377
0.9429578 10475
0.946102 11034
0.9492461 11525
0.9523903 12557
0.9555344 14208
0.9586785 16435
0.9618227 18133
0.9649668 19234
0.968111 19982
0.9712551 21315
0.9743993 22170
0.9775434 23028
0.9806876 23895
0.9838317 25345
0.9869758 26879
0.99012 28444
0.9932641 30009
0.9964083 30673
0.9995524 31103
1.002697 30840
1.005841 31758
1.008985 31677
1.012129 31894
1.015273 32048
1.018417 31150
1.021562 30033
1.024706 28744
1.02785 27096
1.030994 25679
1.034138 24124
1.037282 22954
1.040426 21125
1.043571 20628
1.046715 19094
1.049859 17091
1.053003 15447
1.056147 15198
1.059291 13699
1.062435 10436
1.06558 7525
1.068724 5652
1.071868 4300
1.075012 2104
1.078156 349
1.0813 21
1.084444 1
1.087589 3
1.090733 0
1.093877 0
1.097021 0
1.100165 0
1.103309 1
1.106453 2
1.109598 0
1.112742 1
1.115886 0
1.11903 0
1.122174 1
1.125318 0
1.128462 1
1.131607 0
1.134751 0
1.137895 0
1.141039 0
1.144183 0
1.147327 0
1.150471 0
1.153616 0
1.15676 1
1.159904 0
1.163048 0
1.166192 0
1.169336 0
1.17248 1
1.175625 0
1.178769 0
1.181913 2
1.185057 0
1.188201 0
1.191345 0
1.194489 0
1.197634 1
1.200778 0
1.203922 0
1.207066 0
1.21021 1
1.213354 1
1.216498 0
1.219643 0
1.222787 1
1.225931 0
1.229075 0
1.232219 0
1.235363 0
1.238508 0
1.241652 0
1.244796 0
1.24794 0
1.251084 0
1.254228 3
1.257372 0
1.260517 0
1.263661 0
1.266805 1
1.269949 0
1.273093 1
1.276237 0
1.279381 1
1.282526 0
1.28567 1
1.288814 0
1.291958 1
1.295102 0
1.298246 0
1.30139 0
1.304535 1
1.307679 0
1.310823 0
1.313967 0
1.317111 0
1.320255 1
1.323399 0
1.326544 0
1.329688 3
1.332832 0
1.335976 1
1.33912 0
1.342264 1
1.345408 1
1.348553 3
1.351697 0
1.354841 1
1.357985 3
1.361129 0
1.364273 3
1.367417 0
1.370562 0
1.373706 0
1.37685 0
1.379994 0
1.383138 0
1.386282 0
1.389426 0
1.392571 0
1.395715 0
1.398859 0
1.402003 0
1.405147 0
1.408291 0
1.411435 0
1.41458 0
1.417724 0
1.420868 0
1.424012 0
1.427156 0
1.4303 0
1.433444 0
1.436589 0
1.439733 0
1.442877 1
1.446021 0
1.449165 0
1.452309 0
1.455454 0
1.458598 0
1.461742 0
1.464886 0
1.46803 0
1.471174 0
1.474318 0
1.477463 0
1.480607 0
1.483751 0
1.486895 0
1.490039 0
1.493183 0
1.496327 0
1.499472 0
1.502616 0
1.50576 0
1.508904 0
1.512048 0
1.515192 0
1.518336 0
1.521481 0
1.524625 0
1.527769 0
1.530913 0
1.534057 0
1.537201 0
1.540345 0
1.54349 0
1.546634 0
1.549778 0
1.552922 0
1.556066 0
1.55921 0
1.562354 0
1.565499 0
1.568643 0
1.571787 0
1.574931 0
1.578075 0
1.581219 0
1.584363 0
1.587508 0
1.590652 0
1.593796 0
1.59694 0
1.600084 0
1.603228 0
1.606372 0
