-0.002791457 26569
4.546039E-4 1079
0.003700665 4
0.006946726 3
0.01019279 2
0.01343885 1
0.01668491 21
0.01993097 27
0.02317703 8
0.02642309 4
0.02966915 8
0.03291522 43
0.03616128 25
0.03940734 118
0.0426534 166
0.04589946 84
0.04914552 66
0.05239158 37
0.05563765 24
0.05888371 21
0.06212977 13
0.06537583 17
0.06862189 15
0.07186795 19
0.07511401 23
0.07836007 27
0.08160613 20
0.0848522 19
0.08809826 25
0.09134432 24
0.09459038 17
0.09783644 21
0.1010825 11
0.1043286 22
0.1075746 29
0.1108207 31
0.1140667 41
0.1173128 30
0.1205589 36
0.1238049 42
0.127051 28
0.130297 33
0.1335431 32
0.1367892 48
0.1400352 49
0.1432813 51
0.1465273 34
0.1497734 41
0.1530194 25
0.1562655 48
0.1595115 39
0.1627576 50
0.1660036 40
0.1692497 41
0.1724958 51
0.1757418 40
0.1789879 41
0.1822339 43
0.18548 26
0.188726 24
0.1919721 34
0.1952181 30
0.1984642 36
0.2017102 33
0.2049563 41
0.2082023 37
0.2114484 40
0.2146945 47
0.2179405 33
0.2211866 36
0.2244326 46
0.2276787 51
0.2309247 70
0.2341708 44
0.2374168 43
0.2406629 59
0.2439089 50
0.247155 55
0.250401 38
0.2536471 38
0.2568932 46
0.2601393 28
0.2633853 35
0.2666314 30
0.2698775 35
0.2731235 22
0.2763696 31
0.2796157 30
0.2828617 42
0.2861078 30
0.2893539 31
0.2925999 25
0.295846 40
0.2990921 46
0.3023382 50
0.3055842 37
0.3088303 45
0.3120764 50
0.3153224 51
0.3185685 41
0.3218146 45
0.3250606 51
0.3283067 51
0.3315528 51
0.3347988 49
0.3380449 34
0.341291 52
0.344537 45
0.3477831 44
0.3510292 48
0.3542753 43
0.3575213 48
0.3607674 46
0.3640135 56
0.3672595 60
0.3705056 49
0.3737517 59
0.3769977 52
0.3802438 60
0.3834899 51
0.3867359 44
0.389982 31
0.3932281 53
0.3964742 62
0.3997202 43
0.4029663 60
0.4062124 51
0.4094584 55
0.4127045 43
0.4159506 36
0.4191966 38
0.4224427 33
0.4256888 43
0.4289348 48
0.4321809 44
0.435427 34
0.438673 40
0.4419191 38
0.4451652 32
0.4484113 32
0.4516573 37
0.4549034 36
0.4581495 50
0.4613955 47
0.4646416 36
0.4678877 34
0.4711337 44
0.4743798 45
0.4776259 47
0.4808719 43
0.484118 40
0.4873641 44
0.4906102 43
0.4938562 39
0.4971023 39
0.5003483 48
0.5035944 36
0.5068405 50
0.5100865 46
0.5133326 47
0.5165787 42
0.5198247 52
0.5230708 50
0.5263169 41
0.529563 40
0.532809 33
0.5360551 43
0.5393012 30
0.5425472 44
0.5457933 47
0.5490394 50
0.5522854 30
0.5555315 34
0.5587776 41
0.5620236 45
0.5652697 37
0.5685158 39
0.5717618 43
0.5750079 28
0.578254 33
0.5815001 33
0.5847461 36
0.5879922 34
0.5912383 47
0.5944843 40
0.5977304 37
0.6009765 42
0.6042225 31
0.6074686 35
0.6107147 47
0.6139607 39
0.6172068 51
0.6204529 51
0.6236989 48
0.626945 53
0.6301911 43
0.6334372 42
0.6366832 36
0.6399293 46
0.6431754 36
0.6464214 38
0.6496675 47
0.6529136 39
0.6561596 45
0.6594057 38
0.6626518 40
0.6658978 49
0.6691439 38
0.67239 46
0.6756361 44
0.6788821 50
0.6821282 24
0.6853743 42
0.6886203 53
0.6918664 54
0.6951125 48
0.6983585 59
0.7016046 42
0.7048507 46
0.7080967 44
0.7113428 41
0.7145889 48
0.7178349 55
0.721081 37
0.7243271 47
0.7275732 51
0.7308192 47
0.7340653 60
0.7373114 54
0.7405574 37
0.7438035 54
0.7470496 53
0.7502956 54
0.7535417 61
0.7567878 73
0.7600338 79
0.7632799 60
0.766526 70
0.7697721 77
0.7730181 85
0.7762642 68
0.7795103 88
0.7827563 70
0.7860024 95
0.7892485 80
0.7924945 98
0.7957406 94
0.7989867 91
0.8022327 111
0.8054788 95
0.8087249 94
0.8119709 96
0.815217 98
0.8184631 123
0.8217092 130
0.8249552 153
0.8282013 168
0.8314474 226
0.8346934 253
0.8379395 265
0.8411856 352
0.8444316 355
0.8476777 397
0.8509238 417
0.8541698 434
0.8574159 507
0.860662 589
0.8639081 638
0.8671541 854
0.8704002 947
0.8736463 1088
0.8768923 1374
0.8801384 1537
0.8833845 1808
0.8866305 2083
0.8898766 2428
0.8931227 2810
0.8963687 3236
0.8996148 3759
0.9028609 4180
0.9061069 4333
0.909353 4739
0.9125991 4844
0.9158452 4983
0.9190912 5302
0.9223373 5549
0.9255834 5937
0.9288294 6475
0.9320755 7139
0.9353216 8079
0.9385676 9095
0.9418137 10379
0.9450598 11814
0.9483058 13559
0.9515519 15209
0.954798 17458
0.9580441 19027
0.9612901 19960
0.9645362 21718
0.9677823 22731
0.9710283 24234
0.9742744 26034
0.9775205 26792
0.9807665 28527
0.9840126 31162
0.9872587 32252
0.9905047 33747
0.9937508 34577
0.9969969 35251
1.000243 35710
1.003489 34908
1.006735 34701
1.009981 35317
1.013227 35676
1.016473 34376
1.019719 32897
1.022965 30822
1.026212 28807
1.029458 27120
1.032704 26702
1.03595 24101
1.039196 22164
1.042442 20259
1.045688 19538
1.048934 19221
1.05218 14312
1.055426 10199
1.058672 8266
1.061918 6523
1.065164 5050
1.06841 4069
1.071656 2580
1.074903 823
1.078149 60
1.081395 5
1.084641 7
1.087887 7
1.091133 4
1.094379 5
1.097625 6
1.100871 16
1.104117 14
1.107363 6
1.110609 11
1.113855 9
1.117101 4
1.120347 8
1.123594 4
1.12684 2
1.130086 2
1.133332 2
1.136578 2
1.139824 3
1.14307 1
1.146316 1
1.149562 4
1.152808 3
1.156054 3
1.1593 2
1.162546 3
1.165792 4
1.169039 5
1.172285 0
1.175531 2
1.178777 0
1.182023 2
1.185269 4
1.188515 3
1.191761 0
1.195007 4
1.198253 1
1.201499 3
1.204745 1
1.207991 1
1.211237 4
1.214483 1
1.21773 3
1.220976 2
1.224222 2
1.227468 4
1.230714 1
1.23396 2
1.237206 0
1.240452 2
1.243698 1
1.246944 1
1.25019 1
1.253436 0
1.256682 1
1.259928 1
1.263175 0
1.266421 1
1.269667 0
1.272913 2
1.276159 0
1.279405 0
1.282651 0
1.285897 2
1.289143 1
1.292389 1
1.295635 1
1.298881 1
1.302127 0
1.305373 0
1.308619 2
1.311866 1
1.315112 2
1.318358 0
1.321604 1
1.32485 1
1.328096 4
1.331342 0
1.334588 0
1.337834 2
1.34108 2
1.344326 0
1.347572 1
1.350818 3
1.354064 5
1.357311 1
1.360557 5
1.363803 1
1.367049 1
1.370295 0
1.373541 1
1.376787 1
1.380033 0
1.383279 2
1.386525 1
1.389771 5
1.393017 4
1.396263 2
1.399509 3
1.402755 1
1.406002 1
1.409248 1
1.412494 3
1.41574 1
1.418986 0
1.422232 0
1.425478 0
1.428724 0
1.43197 0
1.435216 0
1.438462 0
1.441708 0
1.444954 0
1.4482 0
1.451447 0
1.454693 0
1.457939 0
1.461185 0
1.464431 0
1.467677 0
1.470923 0
1.474169 0
1.477415 0
1.480661 0
1.483907 1
1.487153 0
1.490399 0
1.493645 0
1.496891 0
1.500138 0
1.503384 0
1.50663 0
1.509876 0
1.513122 0
1.516368 0
1.519614 0
1.52286 0
1.526106 0
1.529352 0
1.532598 0
1.535844 0
1.53909 0
1.542336 0
1.545583 0
1.548829 0
1.552075 0
1.555321 0
1.558567 0
1.561813 0
1.565059 0
1.568305 0
1.571551 0
1.574797 0
1.578043 0
1.581289 0
1.584535 0
1.587781 0
1.591027 0
1.594274 0
1.59752 0
1.600766 0
1.604012 0
1.607258 0
1.610504 0
1.61375 0
1.616996 0
1.620242 0
1.623488 0
1.626734 0
1.62998 0
1.633226 0
1.636472 0
1.639719 0
1.642965 0
1.646211 0
1.649457 0
1.652703 0
1.655949 0
