#      MEAN
     22824.
     19846.
     17273.
     15043.
     13099.
     11405.
      9942.
      8667.
      7558.
      6594.
      5753.
      5016.
      4380.
      3824.
      3337.
      2916.
      2544.
      2224.
      1945.
      1699.
      1486.
      1301.
      1140.
      998.2
      875.6
      768.6
      675.3
      592.6
      521.2
      458.1
      402.5
      354.1
      310.2
      272.7
      239.8
      211.1
      185.5
      162.4
       143.
      124.9
      109.8
       96.5
       84.2
      73.86
      65.07
      57.01
      49.38
       43.6
      38.17
       32.7
      28.92
      25.49
      21.68
      19.26
      17.03
       14.2
      12.68
      11.35
      9.241
      8.216
      7.554
      5.835
      5.189
      4.805
      4.525
      3.343
      3.269
      3.242
      2.199
      1.956
      2.237
      1.273
      1.309
      1.641
     0.9462
      1.007
      1.193
     0.3721
     0.5699
      0.832
     0.2764
      0.405
     0.5421
     0.7394
     0.9482
     0.2519
     0.5614
     0.8417
    -0.1101
     0.3015
     0.5404
     0.7112
     0.6631
    -0.0113
     0.2145
     0.5831
     0.5852
    -0.1819
    -0.1095
    0.09995
     0.1639
     0.4975
     0.6251
   -0.07996
       0.14
    0.08047
    0.08847
     0.2762
     0.4649
     0.5971
     0.3484
     0.3264
     0.6521
    0.04248
     0.1185
     0.4502
     0.8324
     0.6693
     0.3302
     0.5306
      1.084
      0.335
     0.5358
     24352.
     21343.
     18743.
     16490.
     14526.
     12815.
     11337.
     10049.
      8929.
      7956.
      7106.
      6362.
      5720.
      5159.
      4667.
      4242.
      3867.
      3544.
      3263.
      3015.
      2801.
      2615.
      2453.
      2310.
      2187.
      2079.
      1985.
      1903.
      1830.
      1767.
      1712.
      1663.
      1620.
      1583.
      1550.
      1521.
      1496.
      1473.
      1454.
      1437.
      1422.
      1408.
      1397.
      1387.
      1378.
      1370.
      1363.
      1358.
      1352.
      1348.
      1344.
      1340.
      1338.
      1335.
      1333.
      1331.
      1330.
      1328.
      1327.
      1326.
      1326.
      1325.
      1324.
      1324.
      1324.
      1323.
      1323.
      1323.
      1323.
      1323.
      1323.
      1323.
      1323.
      1324.
      1324.
      1324.
      1324.
      1324.
      1325.
      1325.
      1325.
      1325.
      1326.
      1326.
      1326.
      1326.
      1327.
      1327.
      1327.
      1327.
      1328.
      1328.
      1328.
      1328.
      1328.
      1329.
      1329.
      1329.
      1329.
      1329.
      1329.
      1329.
      1330.
      1330.
      1330.
      1330.
      1330.
      1330.
      1330.
      1331.
      1330.
      1330.
      1331.
      1331.
      1331.
      1331.
      1332.
      1330.
      1327.
      1328.
      1330.
      1332.
      1334.
