      1528.
      1497.
      1470.
      1447.
      1427.
      1410.
      1395.
      1382.
      1371.
      1362.
      1353.
      1346.
      1340.
      1335.
      1330.
      1326.
      1323.
      1320.
      1318.
      1316.
      1315.
      1314.
      1313.
      1312.
      1311.
      1310.
      1310.
      1310.
      1309.
      1309.
      1309.
      1309.
      1310.
      1310.
      1310.
      1310.
      1310.
      1311.
      1311.
      1312.
      1312.
      1312.
      1313.
      1313.
      1313.
      1313.
      1314.
      1314.
      1314.
      1315.
      1315.
      1315.
      1316.
      1316.
      1316.
      1317.
      1317.
      1317.
      1318.
      1318.
      1318.
      1319.
      1319.
      1319.
      1319.
      1320.
      1320.
      1320.
      1321.
      1321.
      1321.
      1322.
      1322.
      1322.
      1323.
      1323.
      1323.
      1324.
      1324.
      1324.
      1325.
      1325.
      1325.
      1325.
      1325.
      1326.
      1326.
      1326.
      1327.
      1327.
      1327.
      1327.
      1327.
      1328.
      1328.
      1328.
      1328.
      1329.
      1329.
      1329.
      1329.
      1329.
      1329.
      1330.
      1330.
      1330.
      1330.
      1330.
      1330.
      1330.
      1330.
      1330.
      1330.
      1331.
      1331.
      1331.
      1331.
      1329.
      1327.
      1327.
      1329.
      1332.
      1333.
