-4.7
-6.0
-7.4
-8.7
-10.0
-11.3
-12.6
-13.9
-15.1
-16.3
-17.5
-18.7
-19.9
-21.1
-22.2
-23.3
-24.5
-25.6
-26.7
-27.7
-28.8
-29.9
-30.9
-32.0
-32.9
-34.0
-34.9
-35.9
-36.9
-37.8
-38.8
-39.7
-40.7
-41.6
-42.5
-43.3
-44.2
-45.1
-45.9
-46.7
-47.6
-48.4
-49.2
-50.0
-50.8
-51.6
-52.3
-53.2
-53.9
-54.7
-55.4
-56.1
-56.8
-57.6
-58.2
-58.9
-59.6
-60.3
-61.0
-61.6
-62.3
-62.9
-63.5
-64.2
-64.8
-65.4
-66.0
-66.6
-67.2
-67.8
-68.4
-69.0
-69.5
-70.1
-70.6
-71.2
-71.7
-72.2
-72.8
-73.3
-73.8
-74.3
-74.8
-75.3
-75.8
-76.3
-76.8
-77.2
-77.7
-78.2
-78.6
-79.1
-79.5
-79.9
-80.4
-80.8
-81.2
-81.7
-82.1
-82.5
-82.9
-83.3
-83.7
-84.1
-84.5
-84.8
-85.2
-85.6
-85.9
-86.3
-86.7
-87.0
-87.4
-87.7
-88.0
-88.4
-88.7
-89.0
-89.4
-89.7
-90.0
-90.3
-90.6
