        1584         254
        1127         880
        2040         325
          -1          -1
        1767        1476
          -1          -1
        1515         623
          -1          -1
        2032         422
        1373        1276
        2218        1309
        2061         789
        2074        1191
        1675        1032
        2111        1480
          -1          -1
        1422         592
        1505         210
          -1          -1
        1295         592
        2448        1057
        1756        1350
          -1          -1
        1374         341
          -1          -1
          -1          -1
          -1          -1
          -1          -1
          -1          -1
