          -1          -1
          -1          -1
        2111        1480
        2075        1192
        1675        1031
        2381         727
        2346         522
        2035         991
          -1          -1
        2057         704
        2448        1057
        1532         569
          -1          -1
        1869        1054
        1876         353
        2205         786
        1722         649
        1820        1559
        2368        1071
          -1          -1
          -1          -1
          -1          -1
          -1          -1
          -1          -1
          -1          -1
          -1          -1
          -1          -1
          -1          -1
          -1          -1
